mjd          cr      cr_err  hr      hr_err	    f_w2       f_w2_e
54237.128    0.053   0.004   +0.07   0.03   5.463849e-14 5.029482e-16
54245.406    0.144   0.004   +0.06   0.03   6.449094e-14 5.936401e-16
54279.073    0.076   0.012   +0.10   0.07   6.215824e-14 5.721676e-16
54281.314    0.082   0.006   +0.04   0.07   6.273338e-14 5.774618e-16
54283.751    0.109   0.007   -0.15   0.06   6.691118e-14 6.159185e-16
54362.219    0.420   0.020   -0.15   0.05  	      NA	   NA
54368.141    0.634   0.021   -0.07   0.03  	      NA	   NA
54377.068    0.154   0.011   +0.25   0.07  	      NA	   NA 
54380.795    0.324   0.011   -0.05   0.03  	      NA	   NA
54381.799    0.137   0.007   +0.05   0.05  	      NA	   NA
54382.569    0.380   0.010   -0.01   0.03  	      NA	   NA
54383.569    0.232   0.009   +0.03   0.04  	      NA	   NA
54384.514    0.451   0.013   -0.12   0.03  	      NA	   NA
54386.084    0.494   0.009   +0.01   0.02  	      NA	   NA
54390.198    0.885   0.025   -0.01   0.02  	      NA	   NA
54391.327    1.277   0.020   -0.01   0.05  	      NA	   NA
54393.000    0.881   0.020   -0.03   0.01  	      NA	   NA
54394.899    1.109   0.025   -0.07   0.02  	      NA	   NA
54404.766    0.978   0.032   -0.12   0.03   7.006461e-14 6.449458e-16
54439.194    0.754   0.015   -0.03   0.02   7.825259e-14 7.203163e-16
54446.536    0.652   0.023   -0.03   0.03   7.825259e-14 7.203163e-16
54453.890    0.298   0.013   -0.05   0.05   7.071291e-14 6.509134e-16
54460.586    0.253   0.012   -0.06   0.05   6.878579e-14 6.331742e-16
54467.404    0.925   0.024   -0.10   0.02   7.071291e-14 6.509134e-16
54474.935    0.534   0.018   -0.01   0.03   7.071291e-14 6.509134e-16
54618.619    0.503   0.026   +0.01   0.03   6.273338e-14 5.774618e-16
54625.095    0.892   0.028   -0.10   0.02   6.815516e-14 6.273693e-16
54632.074    1.058   0.033   +0.02   0.02   6.508767e-14 5.991330e-16
54639.484    1.121   0.015   -0.06   0.01   6.815516e-14 6.273693e-16
54646.645    0.382   0.013   -0.08   0.03   6.331385e-14 5.828050e-16
54653.030    0.800   0.025   -0.00   0.03   7.006461e-14 6.449458e-16
54660.909    1.093   0.040   -0.04   0.03   6.942226e-14 6.390329e-16
54667.165    1.000   0.043   -0.04   0.03   6.691118e-14 6.159185e-16
54674.390    1.206   0.034   -0.09   0.03   6.691118e-14 6.159185e-16
54681.542    1.078   0.028   +0.04   0.02   7.404551e-14 6.815900e-16
54688.615    1.138   0.030   -0.11   0.02   7.071291e-14 6.509134e-16
54696.012    0.781   0.025   -0.03   0.03   6.331385e-14 5.828050e-16
54702.394    1.315   0.037   +0.01   0.03   6.389969e-14 5.881976e-16
54709.855    0.502   0.017   +0.02   0.03   4.983090e-14 4.586942e-16
54716.517    0.348   0.014   +0.02   0.04   5.314944e-14 4.892414e-16
54723.859    0.532   0.019   -0.04   0.03   5.936066e-14 5.464158e-16
54730.754    0.809   0.027   -0.06   0.03   5.881644e-14 5.414062e-16
54737.630    0.605   0.024   +0.02   0.03   5.413757e-14 4.983371e-16
54744.325    0.907   0.032   -0.04   0.03   5.565430e-14 5.122987e-16
54751.258    0.493   0.015   +0.02   0.03   5.668899e-14 5.218230e-16
54758.729    0.758   0.023   -0.14   0.03   5.774292e-14 5.315244e-16
54765.798    0.514   0.018   -0.02   0.03   6.215824e-14 5.721676e-16
54775.726    1.041   0.029   -0.06   0.03   6.568992e-14 6.046767e-16
54779.066    1.141   0.028   -0.09   0.02   6.215824e-14 5.721676e-16
54786.163    1.042   0.026   -0.06   0.02   6.629774e-14 6.102717e-16
54796.161    0.474   0.017   -0.00   0.03   6.389969e-14 5.881976e-16
54800.114    1.110   0.031   -0.08   0.03   6.753031e-14 6.216175e-16
54809.591    0.868   0.027   -0.01   0.03   6.691118e-14 6.159185e-16
54816.246    0.432   0.018   +0.01   0.04   5.990992e-14 5.514717e-16
54824.298    0.925   0.029   -0.05   0.03   6.753031e-14 6.216175e-16
54829.060    0.863   0.022   +0.02   0.02   6.389969e-14 5.881976e-16
54836.927    0.689   0.024   +0.03   0.03   6.331385e-14 5.828050e-16
54842.286    1.521   0.040   -0.02   0.02   7.136721e-14 6.569363e-16
54849.845    1.543   0.047   -0.05   0.02   7.404551e-14 6.815900e-16
54856.673    0.389   0.017   -0.03   0.04   6.753031e-14 6.216175e-16
54864.033    0.860   0.034   +0.03   0.03   6.331385e-14 5.828050e-16
54974.387    0.434   0.025   +0.01   0.05  	      NA	   NA
54981.852    0.171   0.015   +0.11   0.09   5.364123e-14 4.937683e-16
54985.051    0.111   0.011   +0.13   0.09   5.122698e-14 4.715451e-16
54989.008    0.125   0.013   +0.08   0.10   5.266217e-14 4.847560e-16
54994.235    0.171   0.015   +0.02   0.09   5.122698e-14 4.715451e-16
54996.945    0.361   0.016   +0.09   0.05   5.413757e-14 4.983371e-16
55001.083    0.303   0.014   +0.03   0.05   6.046426e-14 5.565744e-16
55009.260    0.362   0.021   +0.10   0.06   5.266217e-14 4.847560e-16
55017.924    0.552   0.027   +0.01   0.04   5.514406e-14 5.076019e-16
55024.218    0.412   0.022   +0.12   0.05   5.616926e-14 5.170389e-16
55033.055    0.225   0.025   +0.04   0.10   5.616926e-14 5.170389e-16
55041.086    0.180   0.010   +0.13   0.05   5.881644e-14 5.414062e-16
55049.548    0.123   0.008   +0.17   0.06   5.314944e-14 4.892414e-16
55057.109    0.098   0.009   +0.12   0.09   5.616926e-14 5.170389e-16
55065.944    0.197   0.012   +0.09   0.05   6.449094e-14 5.936401e-16
55073.110    0.155   0.008   +0.06   0.05   5.990992e-14 5.514717e-16
55082.709    0.203   0.010   +0.20   0.05   6.691118e-14 6.159185e-16
55089.160    0.392   0.019   -0.10   0.05   7.336666e-14 6.753412e-16
55097.891    0.052   0.019   -0.06   0.04   7.136721e-14 6.569363e-16
55106.091    0.130   0.010   +0.23   0.07   6.389969e-14 5.881976e-16
55113.803    0.118   0.008   +0.34   0.06   5.827721e-14 5.364426e-16
55121.218    0.082   0.009   +0.26   0.10   5.413757e-14 4.983371e-16
55129.998    0.144   0.017   +0.07   0.11   6.568992e-14 6.046767e-16
55137.146    0.133   0.009   +0.22   0.07   6.158837e-14 5.669219e-16
55145.051    0.076   0.007   +0.09   0.08   6.449094e-14 5.936401e-16
55153.545    0.105   0.008   +0.29   0.07   6.389969e-14 5.881976e-16
55160.508    0.438   0.017   -0.03   0.04   7.682432e-14 7.071690e-16
55170.072    0.082   0.006   +0.18   0.07   6.878579e-14 6.331742e-16
55177.208    0.143   0.010   +0.11   0.07   6.815516e-14 6.273693e-16
55185.274    0.189   0.014   +0.12   0.07   7.136721e-14 6.569363e-16
55193.100    0.121   0.010   +0.20   0.07   6.331385e-14 5.828050e-16
55201.937    0.291   0.015   +0.05   0.05   6.215824e-14 5.721676e-16
55209.270    0.477   0.015   +0.06   0.03   5.514406e-14 5.076019e-16
55221.944    0.232   0.011   +0.08   0.05   4.983090e-14 4.586942e-16
55226.162    0.436   0.014   -0.01   0.03   5.217936e-14 4.803118e-16
55233.188    0.512   0.021   -0.02   0.04   5.774292e-14 5.315244e-16
55337.098    0.121   0.011   +0.05   0.09   5.881644e-14 5.414062e-16	     
55361.382    0.158   0.012   +0.19   0.08   5.668899e-14 5.218230e-16
55393.080    0.402   0.020   +0.05   0.05   5.170097e-14 4.759082e-16
55418.577    0.186   0.013   +0.15   0.07   5.364123e-14 4.937683e-16
55453.676    0.228   0.016   +0.11   0.07   4.144754e-14 3.815252e-16
55473.413    0.329   0.018   -0.02   0.05   5.463849e-14 5.029482e-16
55501.920    0.734   0.028   -0.15   0.03   6.273338e-14 5.774618e-16
55529.074    0.135   0.011   +0.15   0.08   7.136721e-14 6.569363e-16
55561.665    0.478   0.021   -0.15   0.04   8.659618e-14 7.971191e-16
55585.953    0.140   0.012   +0.04   0.09   7.336666e-14 6.753412e-16
55701.765    0.085   0.010   +0.01   0.11   7.336666e-14 6.753412e-16
55729.069    0.191   0.015   -0.02   0.08   8.739744e-14 8.044948e-16
55757.968    0.094   0.010   +0.18   0.11   6.691118e-14 6.159185e-16
55785.754    0.058   0.008   -0.12   0.13   6.215824e-14 5.721676e-16
55787.957    0.084   0.008   +0.08   0.09   6.568992e-14 6.046767e-16
55788.203    0.095   0.006   -0.09   0.06   6.449094e-14 5.936401e-16
55793.894    0.128   0.014   +0.13   0.11   6.331385e-14 5.828050e-16
55797.502    0.066   0.010   +0.32   0.15   6.102373e-14 5.617243e-16
55801.571    0.042   0.010   -0.19   0.20   5.721353e-14 5.266514e-16
55805.135    0.062   0.010   +0.27   0.13   5.881644e-14 5.414062e-16
55809.666    0.096   0.011   +0.33   0.12   5.413757e-14 4.983371e-16
55813.425    0.067   0.009   -0.23   0.14   3.885964e-14 3.577035e-16
55821.657    0.075   0.011   +0.11   0.14   5.463849e-14 5.029482e-16
55826.138    0.083   0.009   +0.01   0.10   5.668899e-14 5.218230e-16
55829.012    0.194   0.015   +0.06   0.08   5.616926e-14 5.170389e-16
55834.288    0.078   0.009   +0.09   0.11   5.514406e-14 5.076019e-16
55837.034    0.081   0.009   +0.28   0.10   5.668899e-14 5.218230e-16
55841.312    0.057   0.011   -0.14   0.18   5.565430e-14 5.122987e-16
55849.235    0.052   0.013   +0.07   0.21   5.774292e-14 5.315244e-16
55853.425    0.058   0.009   -0.21   0.16   6.449094e-14 5.936401e-16	
55857.833    0.099   0.015   +0.07   0.14   7.006461e-14 6.449458e-16
55861.510    0.134   0.012   +0.19   0.09   6.878579e-14 6.331742e-16
55865.934    0.460   0.025   -0.13   0.05   6.158837e-14 1.716469e-15
55869.945    0.321   0.019   -0.10   0.06   7.473064e-14 6.878967e-16
55877.702    0.132   0.012   -0.01   0.09   7.473064e-14 1.382126e-15
55881.578    0.436   0.019   -0.07   0.05   7.336666e-14 1.356899e-15
55885.673    0.961   0.038   -0.05   0.03   7.404551e-14 1.369454e-15
55889.802    0.347   0.020   -0.04   0.06   7.473064e-14 1.382126e-15
55893.481    0.493   0.024   -0.13   0.05   6.942226e-14 1.283948e-15
55897.144    0.555   0.026   -0.00   0.04   7.136721e-14 1.319920e-15
55901.598    0.595   0.025   -0.09   0.06   6.753031e-14 1.248957e-15
55909.121    0.192   0.015   -0.17   0.07   5.413757e-14 1.001261e-15
55913.224    0.207   0.020   -0.17   0.09   6.331385e-14 1.764558e-15
55918.048    0.130   0.013   -0.10   0.10   6.331385e-14 1.764558e-15
55921.495    0.797   0.036   -0.16   0.04   6.273338e-14 1.748381e-15
55925.530    0.301   0.018   +0.07   0.06   7.202756e-14 2.007410e-15
55929.623    1.283   0.047   -0.06   0.05   7.611999e-14 2.121466e-15
55933.864    0.477   0.024   -0.17   0.06   7.404551e-14 2.063650e-15
55937.209    0.692   0.033   -0.14   0.06   7.136721e-14 1.989006e-15
55938.329    0.344   0.020   -0.05   0.06   8.194052e-14 2.283684e-15
55939.132    0.306   0.025   -0.14   0.08   8.269871e-14 2.304815e-15
55940.067    0.283   0.018   -0.21   0.06   8.194052e-14 2.283684e-15
55941.204    0.373   0.021   -0.18   0.05   8.194052e-14 2.283684e-15
55942.139    1.024   0.040   -0.20   0.05   8.269871e-14 2.304815e-15
55944.953    0.690   0.032   -0.18   0.05   8.501562e-14 2.369387e-15
55945.817    1.213   0.044   -0.11   0.05   9.067733e-14 2.527179e-15
55946.819    0.576   0.027   -0.13   0.05   8.902228e-14 2.481053e-15
55947.828     NA.0   0.000    NA.0   0.00   8.580226e-14 4.022430e-15
55948.625    0.367   0.021   -0.05   0.05   8.739744e-14 2.435769e-15
55949.896    0.912   0.044   -0.03   0.06   8.501562e-14 2.369387e-15
55950.965    0.886   0.038   -0.12   0.05   8.194052e-14 2.283684e-15
55951.098    0.678   0.032   -0.05   0.05   7.970741e-14 2.221447e-15
55957.264    0.386   0.020   -0.09   0.05   7.611999e-14 2.121466e-15
55958.173    0.699   0.031   -0.15   0.05   7.682432e-14 2.141096e-15
55959.340    0.439   0.025   -0.20   0.06   7.825259e-14 2.180901e-15
55960.396    0.335   0.025   -0.10   0.07   8.194052e-14 2.283684e-15
55961.076    0.430   0.021   -0.11   0.05   8.346391e-14 2.326141e-15
55963.953    0.243   0.017   -0.07   0.07   8.820612e-14 2.458307e-15
55964.687    0.504   0.024   -0.08   0.05   8.820612e-14 2.458307e-15
55965.624    0.151   0.013   -0.12   0.08   8.501562e-14 2.369387e-15
55966.629    0.367   0.021   -0.11   0.06   8.984599e-14 2.504010e-15
55967.624    0.332   0.020   -0.15   0.06   8.902228e-14 2.481053e-15
56073.968    0.086   0.010   +0.05   0.11   6.568992e-14 1.830780e-15
56081.977    0.091   0.013   +0.08   0.12   6.629774e-14 1.847719e-15
56089.341    0.380   0.021   -0.08   0.05   6.815516e-14 1.899486e-15
56097.919    0.127   0.012   -0.13   0.09   5.990992e-14 1.669691e-15
56105.838    0.153   0.013   -0.01   0.08   5.936066e-14 1.654383e-15
56113.069     NA     0.000    NA     0.00   6.158837e-14 1.716469e-15
56116.606    0.302   0.020   +0.14   0.07   5.668899e-14 1.579923e-15
56121.005    0.187   0.035   +0.12   0.17   6.158837e-14 1.716469e-15
56129.736    0.203   0.015   -0.13   0.07   6.158837e-14 1.716469e-15
56140.926    0.097   0.011   +0.01   0.11   5.170097e-14 1.440907e-15
56147.205    0.063   0.011   -0.09   0.15   6.508767e-14 1.813995e-15
56153.556    0.152   0.016   +0.10   0.10   6.629774e-14 1.847719e-15
56161.960    0.052   0.010   -0.28   0.17   6.815516e-14 1.899486e-15
56182.421    0.103   0.011   +0.25   0.10   6.508767e-14 1.813995e-15
56185.819    0.123   0.024   +0.15   0.18   6.046426e-14 1.685140e-15
56189.931    0.081   0.011   -0.04   0.13   6.629774e-14 1.847719e-15
56193.364    0.238   0.017   -0.08   0.07   6.753031e-14 1.882071e-15
56201.863    0.079   0.010   -0.05   0.12  	      NA	   NA
56209.945    0.092   0.011   +0.18   0.12   7.269403e-14 2.025984e-15
56217.349    0.097   0.010   +0.22   0.10   6.215824e-14 1.732352e-15
56225.581    0.391   0.020   -0.05   0.05   7.136721e-14 1.989006e-15
56233.662    0.267   0.017   -0.02   0.06   7.006461e-14 1.952702e-15
56240.863    0.448   0.029   +0.07   0.06   6.753031e-14 1.882071e-15
56249.880    0.139   0.013   +0.37   0.09   5.881644e-14 1.639215e-15
56257.031    0.187   0.015   -0.01   0.08   7.336666e-14 2.044730e-15
56265.874    0.078   0.013   -0.01   0.15   7.071291e-14 1.970770e-15
56273.202    0.120   0.026   +0.17   0.08   7.542212e-14 2.102016e-15
56283.932    0.254   0.014   +0.04   0.06   7.404551e-14 2.063650e-15
56289.628    0.425   0.022   +0.05   0.05   7.970741e-14 2.221447e-15
56297.238    0.388   0.022   +0.04   0.06   7.897665e-14 2.201081e-15
56305.251    0.147   0.016   -0.03   0.10   7.611999e-14 2.121466e-15
56313.547    0.444   0.026   +0.01   0.05   6.158837e-14 1.716469e-15
56321.489    0.327   0.020   +0.09   0.06   6.568992e-14 1.830780e-15
56330.302    0.724   0.031   -0.24   0.05  	      NA	   NA
56334.583    0.327   0.027   -0.26   0.06   6.449094e-14 3.644821e-15
56429.071    0.145   0.016   -0.07   0.11   7.473064e-14 4.223536e-15
56433.142    0.152   0.013   +0.11   0.08   7.542212e-14 4.262615e-15
56437.537    0.165   0.014   +0.14   0.08   7.136721e-14 4.033445e-15
56443.427    0.075   0.010   +0.29   0.11   6.508767e-14 3.678546e-15
56449.430    0.096   0.010   +0.12   0.10   6.215824e-14 3.512984e-15
56453.227    0.065   0.018   +0.24   0.28   6.449094e-14 3.644821e-15
56454.239    0.123   0.012   +0.26   0.09   6.629774e-14 3.746935e-15
56455.908    0.089   0.018   +0.18   0.21   6.568992e-14 3.712583e-15
56456.635    0.042   0.007   +0.06   0.16   5.463849e-14 3.087992e-15
56457.507    0.159   0.012   +0.06   0.08   6.691118e-14 3.136812e-15
56458.177    0.141   0.011   +0.22   0.08   6.568992e-14 3.079559e-15
56459.177    0.069   0.008   +0.05   0.13   6.046426e-14 2.834579e-15
56460.381    0.046   0.008   +0.16   0.16   6.046426e-14 2.834579e-15 
56461.440    0.064   0.009   -0.29   0.13   6.158837e-14 2.887277e-15
56465.653    0.106   0.011   +0.26   0.10   6.449094e-14 3.023351e-15
56468.644    0.152   0.017   +0.13   0.11   6.449094e-14 3.023351e-15
56469.992    0.102   0.016   +0.20   0.12   5.990992e-14 2.808591e-15
56470.191    0.269   0.016   -0.02   0.06   6.449094e-14 3.023351e-15
56477.992    0.411   0.019   -0.01   0.05   5.990992e-14 2.808591e-15
56481.313    0.335   0.020   +0.02   0.07   6.046426e-14 2.834579e-15
56485.438    0.443   0.022   +0.03   0.05   5.990992e-14 2.808591e-15
56489.082    0.318   0.021   -0.04   0.06   6.389969e-14 2.995632e-15
56493.553    0.172   0.014   +0.14   0.08   5.721353e-14 2.682184e-15
56497.685    0.173   0.014   -0.08   0.08   5.668899e-14 2.657593e-15
56505.671    0.038   0.009   -0.16   0.18   5.364123e-14 2.514713e-15
56513.919    0.184   0.016   +0.11   0.08   6.568992e-14 3.079559e-15
56517.575    0.095   0.011   +0.21   0.07   6.389969e-14 2.995632e-15
56521.846    0.066   0.010   -0.10   0.15   6.158837e-14 2.887277e-15
56525.319    0.066   0.009   +0.01   0.13   6.389969e-14 2.995632e-15
56529.570    0.114   0.011   +0.18   0.09   6.389969e-14 2.995632e-15
56533.569    0.098   0.011   +0.25   0.11   6.046426e-14 2.834579e-15
56537.678    0.075   0.013    NA     0.00   5.514406e-14 2.585166e-15
56541.441    0.117   0.011   +0.31   0.09   5.616926e-14 2.633228e-15
56545.678    0.327   0.020   +0.20   0.06   5.565430e-14 2.609087e-15
56549.031    0.050   0.009   -0.01   0.15   5.413757e-14 2.537982e-15
56553.153    0.081   0.010   +0.14   0.12   5.616926e-14 2.633228e-15
56557.224    0.064   0.009   +0.22   0.14   5.774292e-14 2.707002e-15
56561.845    0.185   0.015   +0.39   0.07   6.102373e-14 2.860807e-15
56565.850    0.120   0.011   +0.34   0.10   6.102373e-14 2.860807e-15
56569.987    0.217   0.019   +0.26   0.08   6.691118e-14 3.136812e-15  
56577.728    0.057   0.008   +0.27   0.14   5.881644e-14 2.757328e-15
56581.047    0.110   0.019   +0.39   0.16   6.046426e-14 2.834579e-15
56585.536    0.093   0.011   +0.16   0.11   6.215824e-14 2.913993e-15
56593.279    0.199   0.015   +0.10   0.07   6.691118e-14 3.136812e-15
56598.602    0.130   0.014   +0.23   0.11   6.046426e-14 2.834579e-15
56601.951    0.065   0.011   +0.26   0.18   5.668899e-14 2.657593e-15
56605.486    0.159   0.012   +0.08   0.14   5.774292e-14 2.707002e-15
56608.079    0.091   0.010   +0.11   0.09   5.721353e-14 2.682184e-15
56613.302    0.066   0.015   +0.11   0.21   4.715185e-14 2.210490e-15
56617.623    0.108   0.011   +0.27   0.10   5.990992e-14 2.808591e-15
56621.695    0.120   0.013   +0.30   0.10   5.827721e-14 2.732049e-15
56625.440    0.083   0.009   +0.23   0.11   5.668899e-14 2.657593e-15
56629.708    0.094   0.021   +0.16   0.22   5.936066e-14 2.782842e-15
56633.849     NA     0.0      NA     0.0    4.847287e-14 7.141847e-15
56639.105    0.105   0.011   -0.07   0.10   5.827721e-14 2.732049e-15
56642.047    0.088   0.011   +0.11   0.13   5.413757e-14 2.537982e-15
56645.181    0.086   0.010   +0.07   0.12   5.565430e-14 2.609087e-15
56649.045    0.083   0.010   +0.03   0.12   5.463849e-14 2.561465e-15
56653.722    0.058   0.008   +0.14   0.14   5.314944e-14 2.491658e-15 
56657.718    0.107   0.011   +0.09   0.10   5.565430e-14 2.609087e-15
56661.933    0.060   0.009   +0.18   0.14   5.463849e-14 2.561465e-15
56666.990    0.069   0.010   -0.26   0.13   6.389969e-14 2.995632e-15
56669.406    0.075   0.009   +0.11   0.12   6.273338e-14 2.940956e-15
56673.660    0.073   0.009   +0.07   0.12   6.102373e-14 2.860807e-15
56677.933    0.117   0.013   +0.11   0.09   6.273338e-14 2.940956e-15
56681.337    0.105   0.011   +0.05   0.11   6.273338e-14 2.940956e-15
56685.937    0.175   0.013   -0.03   0.07   6.331385e-14 2.968168e-15
56689.348    0.191   0.015   -0.13   0.08   6.273338e-14 2.940956e-15
56693.685    0.119   0.013   +0.06   0.11   6.691118e-14 3.136812e-15
56697.876    0.071   0.010   -0.11   0.14   6.753031e-14 3.165837e-15
56701.960    0.131   0.013   -0.08   0.10   6.629774e-14 3.108054e-15
56793.963    0.076   0.010   -0.02   0.14   5.668899e-14 2.657593e-15
56799.960    0.061   0.009   +0.12   0.14   5.774292e-14 2.707002e-15
56809.646    0.060   0.010   +0.27   0.15   5.881644e-14 2.757328e-15
56813.427     NA     0.00     NA     0.00   5.827721e-14 2.732049e-15
56817.298     NA     0.00     NA     0.00   5.514406e-14 3.116565e-15
56821.025    0.071   0.010   +0.32   0.13   5.122698e-14 2.895184e-15
56825.213    0.067   0.009   +0.04   0.13   4.715185e-14 2.664871e-15
56829.746    0.101   0.010   +0.19   0.10   5.364123e-14 3.031630e-15
56833.674    0.121   0.012   +0.21   0.10   5.075732e-14 2.868641e-15
56837.008    0.158   0.014   -0.02   0.09   5.314944e-14 3.003836e-15
56845.672    0.098   0.010   +0.21   0.10   5.266217e-14 2.468815e-15
56849.218    0.080   0.010   -0.03   0.13   5.616926e-14 2.633228e-15
56853.469    0.064   0.009   -0.15   0.14   5.514406e-14 2.585166e-15
56857.868    0.176   0.022   +0.01   0.12   5.616926e-14 2.633228e-15
56865.471    0.102   0.011   +0.02   0.11   6.449094e-14 3.023351e-15
56873.133    0.163   0.015   +0.16   0.09   6.942226e-14 3.254532e-15
56881.190    0.171   0.014   +0.14   0.08   6.568992e-14 3.079559e-15
56889.069    0.153   0.014   -0.05   0.09   7.006461e-14 3.284645e-15
56897.852    0.771   0.040   -0.15   0.05   6.331385e-14 2.968168e-15
56912.114    1.365   0.062   -0.23   0.05   8.269871e-14 3.876935e-15
56913.188    1.473   0.066   -0.20   0.05   8.194052e-14 3.841391e-15
56917.377    1.060   0.038   -0.20   0.04   6.942226e-14 3.254532e-15
56918.472    1.044   0.029   -0.23   0.03   8.269871e-14 3.876935e-15
56919.612    0.627   0.021   -0.22   0.04   7.825259e-14 3.668500e-15
56920.307    0.738   0.022   -0.25   0.03   7.682432e-14 3.601542e-15
56921.070    0.509   0.017   -0.12   0.05   7.753517e-14 2.894510e-15
56922.911    0.642   0.024   -0.20   0.04   7.682432e-14 3.601542e-15
56923.315    0.918   0.033   -0.05   0.06   7.336666e-14 3.439446e-15
56925.436    0.952   0.042   -0.17   0.05   7.542212e-14 3.535807e-15
56926.301    0.535   0.029   -0.08   0.09   7.825259e-14 3.668500e-15
56927.3       NA     0.00     NA     0.00   7.825259e-14 3.668500e-15
56928.700    0.498   0.030   +0.06   0.10   7.682432e-14 3.601542e-15
56929.765    0.448   0.024   -0.21   0.08   7.473064e-14 3.503390e-15
56931.363    0.386   0.024   +0.01   0.11   7.825259e-14 3.668500e-15
56935.375    0.208   0.024    NA     0.00   7.269403e-14 3.407913e-15
56936.758    0.221   0.030    NA     0.00   7.269403e-14 3.407913e-15
56941.691    0.116   0.012   -0.08   0.10   6.942226e-14 3.254532e-15
56945.903    0.076   0.010   +0.04   0.13   6.158837e-14 2.887277e-15
56949.036    0.100   0.021   +0.19   0.22   6.753031e-14 3.165837e-15
56952.553    0.148   0.019   +0.01   0.13   7.006461e-14 3.284645e-15
56957.143    0.247   0.026   -0.11   0.10   7.682432e-14 3.601542e-15
56966.739    0.073   0.010   -0.13   0.13   7.202756e-14 3.376669e-15
56973.612    0.047   0.008   +0.36   0.15   6.815516e-14 3.195130e-15
56981.390    0.154   0.013   +0.09   0.09   7.336666e-14 3.439446e-15
56989.381    0.103   0.011   +0.07   0.11   6.449094e-14 3.023351e-15
56997.107    0.150   0.014   +0.09   0.13   6.273338e-14 2.940956e-15
57005.499    0.083   0.010   +0.06   0.12   6.629774e-14 3.108054e-15
57013.967    0.109   0.011   -0.16   0.10   7.404551e-14 3.471271e-15
57021.350    0.155   0.013   -0.10   0.08   7.071291e-14 3.315038e-15
57029.532    0.091   0.011   +0.24   0.12   6.158837e-14 2.887277e-15
57037.595    0.065   0.009   +0.27   0.14   6.102373e-14 2.860807e-15
57045.119    0.075   0.009   +0.08   0.12   6.158837e-14 2.887277e-15
57053.965    0.077   0.011   +0.00   0.14   6.753031e-14 3.165837e-15
57061.954    0.145   0.012   -0.12   0.08   7.611999e-14 3.568523e-15
57165.626    0.306   0.019   +0.02   0.06   7.611999e-14 3.568523e-15
57173.681    0.387   0.022   -0.03   0.06   7.753517e-14 3.634867e-15
57181.321    0.309   0.019   +0.05   0.06   6.691118e-14 3.136812e-15
57192.104    0.115   0.009   -0.13   0.09   7.336666e-14 3.439446e-15
57206.213    0.413   0.023   -0.01   0.06   7.071291e-14 3.315038e-15
57212.367    0.125   0.013   +0.01   0.11   6.942226e-14 3.254532e-15
57221.045    0.532   0.025   -0.29   0.05   7.753517e-14 3.634867e-15
57229.793    0.267   0.018   -0.18   0.11   7.404551e-14 3.471271e-15
57257.416    0.682   0.050   -0.09   0.07   6.878579e-14 3.224694e-15
57260.476    0.289   0.020   -0.14   0.07   6.942226e-14 3.254532e-15
57264.075    0.397   0.028   +0.01   0.07   6.568992e-14 3.079559e-15
57273.688    0.350   0.022   +0.07   0.06   6.753031e-14 3.165837e-15
57281.632    0.385   0.030   -0.07   0.08   7.825259e-14 3.668500e-15
57289.601    0.211   0.016   +0.05   0.08   7.336666e-14 3.439446e-15
57297.719    0.165   0.019    NA     0.00   7.071291e-14 3.315038e-15
57305.361    0.119   0.014    NA     0.00   6.629774e-14 3.108054e-15
57313.159    0.220   0.017    NA     0.00   6.942226e-14 3.254532e-15
57322.331    0.111   0.012    NA     0.00   5.990992e-14 2.808591e-15
57329.767    0.046   0.012   +0.15   0.25   5.413757e-14 2.537982e-15
57350.377    0.431   0.023   -0.06   0.06   5.936066e-14 2.782842e-15
57358.583    0.371   0.020   +0.07   0.06   5.217936e-14 2.446180e-15
57361.218    0.505   0.024   -0.02   0.05   5.122698e-14 2.401533e-15
57365.272    0.243   0.019   -0.05   0.07   5.170097e-14 2.423754e-15
57369.838    0.253   0.018   +0.06   0.06   5.075732e-14 2.379515e-15
57373.926    0.158   0.019   -0.30   0.10   5.266217e-14 2.468815e-15
57377.839    0.369   0.032   -0.14   0.06   4.937405e-14 2.314667e-15
57381.162    0.259   0.017   +0.08   0.05   4.461683e-14 2.091648e-15
57385.428    0.064   0.009   +0.39   0.12   4.260874e-14 1.997508e-15
57387.405    0.069   0.013   +0.30   0.12   4.300300e-14 2.430391e-15
57389.131    0.152   0.011   +0.09   0.07   4.260874e-14 1.997508e-15
57391.171    0.102   0.010   -0.17   0.07   4.183105e-14 1.961049e-15
57393.820    0.273   0.021   -0.10   0.07   4.340090e-14 2.034644e-15
57394.191    0.158   0.011   +0.13   0.07   4.260874e-14 1.997508e-15
57397.711    0.152   0.015   +0.08   0.11   4.069103e-14 1.907605e-15
57401.432    0.087   0.013   +0.47   0.13   3.850337e-14 1.805047e-15 
57409.045    0.062   0.009   +0.05   0.13   3.958209e-14 1.855618e-15
57417.431    0.044   0.008   +0.03   0.17   3.711066e-14 1.739757e-15
57425.177    0.041   0.007   +0.10   0.15   3.780060e-14 1.772101e-15
57432.149    0.029   0.007   -0.45   0.30   4.340090e-14 2.034644e-15
57529.435    0.064   0.014   -0.15   0.20   4.937405e-14 2.314667e-15
57533.247    0.236   0.018   -0.03   0.07   5.463849e-14 2.561465e-15
57536.568    0.089   0.011   +0.14   0.12   5.463849e-14 2.561465e-15
57541.792    0.386   0.052   -0.10   0.15   5.774292e-14 2.707002e-15
57544.650    0.294   0.020   -0.09   0.06   5.565430e-14 2.609087e-15
57546.406    0.132   0.015   +0.26   0.10   5.217936e-14 2.446180e-15
57549.068    0.172   0.019   +0.30   0.10   5.413757e-14 2.537982e-15
57553.922    0.102   0.017   +0.15   0.16   5.029198e-14 2.357700e-15
57557.424    0.092   0.013   +0.18   0.12   4.586683e-14 2.150248e-15
57561.761    0.169   0.014   +0.08   0.08   4.260874e-14 1.997508e-15 
57565.683    0.087   0.012   +0.30   0.14   4.671956e-14 2.190224e-15
57569.306    0.137   0.013   +0.10   0.09   5.075732e-14 2.379515e-15
57573.794    0.217   0.018   -0.07   0.08   5.170097e-14 2.423754e-15
57577.050    0.242   0.018   -0.06   0.07   5.170097e-14 2.423754e-15
57585.751    0.215   0.018   +0.14   0.08   5.217936e-14 2.446180e-15
57592.859    0.246   0.015   -0.03   0.06   5.668899e-14 2.657593e-15
57601.103    0.182   0.016   -0.07   0.09   4.937405e-14 2.314667e-15
57609.709    0.185   0.016   -0.08   0.07   4.629123e-14 2.170144e-15 
57622.561    0.054   0.009   -0.13   0.12   4.544632e-14 2.130534e-15
57625.630    0.030   0.008   +0.39   0.20   4.629123e-14 2.170144e-15
57630.269    0.045   0.009   -0.09   0.16   4.758814e-14 2.230943e-15
57637.985    0.047   0.008   -0.21   0.15   4.671956e-14 2.190224e-15 
57640.703    0.033   0.008   +0.50   0.17   4.758814e-14 2.230943e-15 
57649.614    0.084   0.010   +0.47   0.10   5.616926e-14 2.633228e-15	
57657.307    0.097   0.012   +0.41   0.10   4.380248e-14 2.053471e-15
57665.556    0.499   0.056   +0.02   0.11   6.629774e-14 3.108054e-15
57668.883    0.073   0.016   +0.17   0.18   6.102373e-14 2.860807e-15
57673.007    0.053   0.009   +0.16   0.15   5.668899e-14 2.657593e-15
57681.112    0.219   0.016   +0.11   0.07   6.158837e-14 2.887277e-15
57689.537    0.233   0.016   -0.19   0.07   6.753031e-14 3.165837e-15
57697.506    0.336   0.022   -0.19   0.06   6.753031e-14 3.165837e-15
57705.683    0.168   0.014   +0.09   0.08   6.215824e-14 2.913993e-15
57713.469    0.068   0.009   +0.25   0.14   5.827721e-14 2.732049e-15
57724.624    0.084   0.011   -0.06   0.11   6.046426e-14 2.834579e-15
57729.884    0.182   0.015   -0.06   0.08   6.508767e-14 3.051325e-15
57737.848    0.125   0.015   -0.00   0.12   6.815516e-14 3.195130e-15
57742.235    0.166   0.037    NA     0.00   6.815516e-14 3.195130e-15
57745.415    0.385   0.021   -0.14   0.05   6.568992e-14 3.079559e-15
57753.653    0.067   0.009   +0.01   0.13   6.753031e-14 3.165837e-15
57761.360    0.046   0.010   +0.42   0.19   6.878579e-14 3.224694e-15
57769.612    0.061   0.009   +0.25   0.15   7.473064e-14 3.503390e-15
57777.971    0.113   0.018   +0.19   0.14   7.336666e-14 3.439446e-15
57784.017    0.132   0.016    NA     0.00   7.336666e-14 3.439446e-15
57786.810    0.669   0.038  -0.24    0.04   7.473064e-14 3.503390e-15
57893.320    0.101   0.013  +0.14    0.11   6.215824e-14 2.913993e-15
57899.379    0.546   0.029  -0.09    0.05   6.691118e-14 3.136812e-15
57901.151    0.159   0.014  -0.04    0.08   7.473064e-14 3.503390e-15
57906.633    0.147   0.014  +0.00    0.22   6.815516e-14 3.195130e-15
57909.458    0.257   0.059  +0.12    0.09   6.389969e-14 2.995632e-15
57912.967    0.189   0.015  -0.04    0.08   6.046426e-14 2.834579e-15
57913.767    0.191   0.016  +0.12    0.08   6.449094e-14 3.023351e-15
57920.056    0.153   0.018  +0.01    0.11   6.046426e-14 2.834579e-15
57920.779    0.155   0.014  +0.10    0.09   6.102373e-14 2.860807e-15
57925.501    0.321   0.020  -0.12    0.06   6.158837e-14 2.887277e-15
57927.716    0.273   0.019  -0.09    0.07   6.215824e-14 2.913993e-15
57933.083    0.327   0.021  -0.21    0.06   6.568992e-14 3.079559e-15
57934.043    0.864   0.041  -0.19    0.03   6.815516e-14 3.195130e-15
57941.472    0.215   0.019  -0.00    0.09   5.936066e-14 2.782842e-15 
57950.371    0.354   0.021  -0.18    0.06   5.217936e-14 2.446180e-15 
57957.822    0.433   0.023  -0.03    0.05   5.364123e-14 2.514713e-15 
57965.719    0.083   0.010  +0.18    0.12   4.629123e-14 2.170144e-15
57989.149    0.126   0.011  +0.14    0.08   4.847287e-14 2.272419e-15
57998.339    0.078   0.010  +0.18    0.12  	      NA	   NA
58005.055    0.128   0.013  +0.24    0.10   4.183105e-14 1.961049e-15
58013.942    0.056   0.009  -0.19    0.17   4.715185e-14 2.210490e-15
58022.919    0.420   0.025  -0.01    0.06   5.514406e-14 2.585166e-15
58029.967    0.081   0.012  -0.30    0.15   5.217936e-14 2.446180e-15
58037.538    0.320   0.028  -0.17    0.08   5.170097e-14 2.423754e-15
58046.402    0.230   0.015  -0.04    0.06   5.314944e-14 2.491658e-15
58053.468     NA     0.00    NA      0.00   5.364123e-14 2.514713e-15
58059.980    0.085   0.013  -0.13    0.14   5.266217e-14 2.468815e-15
58060.720    0.092   0.012  +0.00    0.12   5.266217e-14 2.468815e-15
58086.916    0.120   0.012  +0.14    0.09   5.616926e-14 2.633228e-15
58093.153    0.074   0.010  +0.01    0.11   5.616926e-14 2.633228e-15
58100.042    0.101   0.011  -0.01    0.12   5.266217e-14 2.468815e-15
58107.608    0.062   0.009  +0.47    0.12   5.122698e-14 2.401533e-15
58114.242    0.056   0.008  +0.05    0.15   4.629123e-14 2.170144e-15
58125.037    0.061   0.009  -0.03    0.14   5.170097e-14 2.423754e-15
58129.988    0.121   0.016  -0.18    0.15   5.413757e-14 2.537982e-15
58133.373    0.085   0.010  +0.16    0.10   5.217936e-14 2.446180e-15
58137.705    0.126   0.012  +0.08    0.09   5.314944e-14 2.491658e-15
58142.940    0.133   0.018  -0.11    0.13   5.122698e-14 2.401533e-15
58145.206    0.101   0.011  +0.06    0.11   5.029198e-14 2.357700e-15
58149.923    0.089   0.010   NA      0.00   4.892138e-14 2.293446e-15
58153.964    0.036   0.010  -0.14    0.28   4.420778e-14 2.072471e-15
58157.023    0.046   0.008  -0.02    0.16   4.420778e-14 1.232072e-15
58163.203    0.055   0.008  -0.04    0.12   4.892138e-14 1.363440e-15
58267.401    0.044   0.008  -0.10    0.12   4.300300e-14 1.605370e-15
58269.007    0.049   0.008  -0.18    0.14   4.221810e-14 1.576069e-15
58280.691    0.052   0.009  -0.27    0.18   4.340090e-14 1.620224e-15	       
58293.588    0.056   0.011  -0.18    0.20   3.745404e-14 1.398219e-15	       
58301.417    0.052   0.009  -0.39    0.16   3.544041e-14 1.323047e-15  
58307.761    0.054   0.008  -0.28    0.14   3.643332e-14 1.360113e-15
58309.244    0.063   0.008  -0.07    0.15   3.711066e-14 1.385400e-15
58310.038    0.043   0.008  -0.13    0.18   3.677043e-14 1.372698e-15
58311.107    0.051   0.008  -0.21    0.16   3.711066e-14 1.385400e-15
58312.498    0.061   0.009  -0.25    0.15   3.677043e-14 1.372698e-15
58313.230    0.031   0.007  +0.20    0.20   3.745404e-14 1.398219e-15
58315.419    0.047   0.008  -0.19    0.16   3.745404e-14 1.398219e-15
58316.084    0.037   0.007  -0.21    0.20   3.815037e-14 1.424214e-15
58317.212    0.046   0.008  -0.30    0.17   3.815037e-14 1.424214e-15
58318.582    0.045   0.007  -0.46    0.13   3.745404e-14 1.398219e-15
58319.536    0.039   0.007  -0.30    0.16  	      NA	   NA
58320.267    0.046   0.008  -0.51    0.16   3.815037e-14 1.424214e-15
58321.064    0.049   0.008  -0.00    0.15   3.958209e-14 1.477662e-15
58322.993    0.032   0.010  -0.41    0.22   4.069103e-14 1.519061e-15
58323.058    0.045   0.007  -0.35    0.16   4.069103e-14 1.519061e-15
58324.118    0.043   0.007  -0.11    0.17   3.994834e-14 1.491335e-15
58325.182    0.040   0.007  -0.06    0.17   3.384533e-14 1.263500e-15
58326.244    0.038   0.007  -0.42    0.17   4.144754e-14 1.547302e-15
58327.239    0.068   0.009  -0.11    0.15   4.031798e-14 1.505134e-15
58328.107     NA     0.0     NA      0.00  	      NA	   NA
58333.828    0.040   0.007  -0.28    0.20   4.069103e-14 1.519061e-15
58340.533    0.056   0.009  -0.10    0.15   3.921920e-14 1.464115e-15
58348.429    0.053   0.008  +0.23    0.16   4.144754e-14 1.547302e-15
58354.739    0.043   0.009  -0.36    0.15   3.447456e-14 1.286990e-15
58361.652    0.036   0.007  -0.26    0.21   3.609929e-14 1.347644e-15
58369.000    0.040   0.007  -0.26    0.14   3.711066e-14 1.385400e-15
58375.607    0.068   0.013  +0.07    0.18   3.479355e-14 1.298898e-15
58382.974    0.039   0.007  -0.33    0.16   3.232204e-14 1.206633e-15
58389.521    0.033   0.007  -0.37    0.19   3.262111e-14 1.217798e-15
58396.717    0.041   0.007  -0.10    0.18   3.202571e-14 1.195570e-15
58410.660    0.033   0.007  -0.32    0.16   3.711066e-14 1.385400e-15
58417.973    0.039   0.007  -0.21    0.17   3.958209e-14 1.477662e-15
58424.681    0.044   0.007  -0.23    0.17   4.106754e-14 1.533116e-15
58431.389    0.069   0.013  +0.21    0.18   3.885964e-14 1.450692e-15
58438.415    0.033   0.007  -0.18    0.16   3.711066e-14 1.385400e-15
58445.461    0.041   0.007  -0.26    0.14   3.745404e-14 1.398219e-15
58452.425    0.050   0.011  +0.17    0.20   3.780060e-14 1.411156e-15
58463.284    0.045   0.007  -0.28    0.12   3.711066e-14 1.385400e-15
58466.647    0.025   0.005  -0.13    0.20   3.479355e-14 1.298898e-15
58473.216    0.050   0.008  -0.13    0.13   3.994834e-14 1.491335e-15
58480.447    0.052   0.011  -0.34    0.15   3.780060e-14 1.411156e-15
58487.357    0.032   0.011  +0.08    0.30   3.780060e-14 1.411156e-15
58489.285    0.038   0.010  -0.10    0.20   3.850337e-14 1.437392e-15
58490.424    0.031   0.006  -0.37    0.18   3.885964e-14 1.450692e-15
58491.148    0.026   0.010  -0.45    0.21   3.921920e-14 1.464115e-15
58492.216    0.029   0.010   NA      0.00   4.260874e-14 1.590652e-15
58493.356    0.033   0.006  -0.11    0.19   3.994834e-14 1.491335e-15
58494.471    0.033   0.006  +0.06    0.18   3.885964e-14 1.450692e-15
58495.135    0.026   0.006  -0.18    0.22   3.994834e-14 1.491335e-15
58496.4015   0.038   0.006  -0.23    0.18   4.031798e-14 1.505134e-15
58502.0418   0.044   0.008  +0.23    0.16   4.183105e-14 1.561619e-15
58508.1479   0.045   0.008  -0.08    0.18   4.183105e-14 1.561619e-15
58516.4471   0.044   0.007  -0.20    0.15   4.461683e-14 1.665617e-15
58522.8199   0.054   0.008  +0.16    0.15   4.758814e-14 1.776541e-15
58528.0071   0.040   0.008  -0.28    0.20   4.586683e-14 1.712281e-15
58619.5173   0.043   0.007  +0.03    0.15   4.937405e-14 1.843211e-15
58626.2199   0.044   0.007  -0.05    0.16   4.983090e-14 1.860266e-15
58633.5938   0.051   0.007  -0.10    0.12   4.983090e-14 1.860266e-15
58640.7618   0.057   0.008  -0.20    0.15   5.364123e-14 2.002512e-15
58654.9814   0.039   0.007  -0.53    0.18   5.170097e-14 1.930079e-15
58661.2847   0.039   0.008  +0.00    0.17   4.715185e-14 1.760253e-15
58673.0912   0.033   0.008  -0.00    0.23   4.544632e-14 1.696583e-15
58675.0911   0.058   0.009  +0.07    0.15   4.340090e-14 1.620224e-15
58682.6560   0.062   0.012  +0.26    0.16   4.461683e-14 1.665617e-15
58691.0372   0.079   0.016  -0.38    0.20   4.544632e-14 1.696583e-15
58697.5289   0.051   0.008  -0.09    0.15   4.544632e-14 1.696583e-15
58704.8429   0.030   0.006  -0.39    0.20   4.069103e-14 1.519061e-15
58711.5539   0.030   0.007  -0.19    0.23   3.815037e-14 1.424214e-15
58718.1974   0.036   0.011  +0.23    0.23   3.479355e-14 1.298898e-15
58734.32506  0.036   0.017  -0.26    0.35   3.643332e-14 1.360113e-15
58741.4325   0.051   0.008  -0.05    0.18   3.921920e-14 1.464115e-15
58746.9441   0.031   0.007  +0.03    0.20   3.780060e-14 1.411156e-15
58754.9816   0.031   0.007  +0.17    0.19   3.850337e-14 1.437392e-15
58766.2032   0.042   0.007  +0.22    0.16   3.576833e-14 1.335289e-15
58770.1053   0.044   0.011  +0.24    0.22   3.745404e-14 1.398219e-15
58770.5148   0.041   0.007  -0.18    0.17   3.780060e-14 1.411156e-15
58770.7706   0.040   0.007  -0.09    0.21   3.711066e-14 1.385400e-15
58784.1905   0.037   0.007  -0.33    0.16   4.260874e-14 1.590652e-15
58791.08830  0.040   0.007  -0.33    0.16   4.461683e-14 1.665617e-15
58797.74179  0.040   0.008  -0.39    0.16   4.380248e-14 1.635216e-15
58804.77827  0.047   0.008  +0.03    0.12   4.758814e-14 1.776541e-15
58805.16542  0.042   0.008  -0.35    0.15   4.802847e-14 1.792979e-15
58812.88114  0.037   0.007  -0.22    0.13   4.300300e-14 1.605370e-15 
58819.12072  0.041   0.006  -0.45    0.13   3.780060e-14 1.411156e-15
58826.29377  0.036   0.006  -0.20    0.16   3.780060e-14 1.411156e-15
58833.26255  0.029   0.006  -0.38    0.18   3.994834e-14 1.491335e-15
58840.08933  0.032   0.006  -0.30    0.18   3.711066e-14 1.385400e-15
58847.27031  0.035   0.006  -0.34    0.15   3.815037e-14 1.063252e-15
58854.43470  0.041   0.007  -0.11    0.12   4.300300e-14 1.605370e-15
58861.15493  0.032   0.006  -0.28    0.17   4.586683e-14 1.712281e-15
58869.98123  0.055   0.008  +0.17    0.14   5.314944e-14 1.984153e-15
58985.63905  0.068   0.011  +0.18    0.15   5.514406e-14 2.058615e-15
58992.43683  0.098   0.011  -0.16    0.18   5.936066e-14 2.216027e-15
58996.26405  0.079   0.010  +0.06    0.13   5.463849e-14 2.039741e-15
58998.7101   0.125   0.013  -0.03    0.10   5.936066e-14 2.216027e-15
58999.04275  0.222   0.018  -0.08    0.07   6.046426e-14 2.257226e-15
59000.76809  0.148   0.016  +0.12    0.10   6.629774e-14 2.474999e-15
59002.42337  0.210   0.020  -0.11    0.10   6.215824e-14 2.320465e-15
59003.76332  0.297   0.019  -0.07    0.06   6.508767e-14 2.429826e-15
59004.89769  0.135   0.017  +0.01    0.11   6.273338e-14 2.341936e-15
59005.16214  0.149   0.014  +0.16    0.10   6.215824e-14 2.320465e-15
59006.09137  0.132   0.015  -0.18    0.11   6.102373e-14 2.278112e-15
59007.18078  0.066   0.004  -0.04    0.06   5.881644e-14 2.195711e-15
59008.21388  0.075   0.005  +0.09    0.05   5.463849e-14 1.522776e-15
59009.26847  0.108   0.005  +0.18    0.05   5.668899e-14 1.579923e-15
59011.85493  0.156   0.014  +0.13    0.09   5.990992e-14 1.669691e-15
59013.78176  0.105   0.016  +0.19    0.16   5.881644e-14 2.195711e-15
59013.85416  0.160   0.015  +0.28    0.08   5.668899e-14 2.116290e-15
59015.64189  0.200   0.019  -0.16    0.10   5.936066e-14 2.216027e-15
59017.96548  0.100   0.013  -0.42    0.10   5.668899e-14 2.116290e-15
59019.76407  0.110   0.011  -0.18    0.10   5.936066e-14 2.216027e-15
59020.16048  0.175   0.015  -0.00    0.09   5.990992e-14 2.236532e-15
59021.62666  0.159   0.014  -0.13    0.09   5.881644e-14 2.195711e-15
59023.21670  0.233   0.016  -0.06    0.07   5.881644e-14 2.195711e-15
59025.59944  0.308   0.024  -0.05    0.07   5.565430e-14 2.077663e-15
59027.65675  0.363   0.028  -0.10    0.08   5.122698e-14 1.912384e-15
59027.85434  0.446   0.028  -0.16    0.05   5.170097e-14 1.930079e-15
59029.84626  0.303   0.019  +0.04    0.06   4.937405e-14 1.843211e-15
59031.96965  0.195   0.018  -0.16    0.10   5.122698e-14 1.912384e-15
59032.17113  0.161   0.020  -0.21    0.13   5.029198e-14 1.877479e-15
59033.36409  0.145   0.017  +0.13    0.12   4.983090e-14 1.860266e-15
59034.95704  0.169   0.015  -0.04    0.09   4.802847e-14 1.792979e-15
59035.42399  0.114   0.017  +0.02    0.12   5.029198e-14 1.877479e-15
59036.75174  0.099   0.015  -0.12    0.14   5.075732e-14 1.894851e-15
59037.08344  0.083   0.014  -0.08    0.17   5.364123e-14 2.002512e-15
59038.42019  0.097   0.011  +0.13    0.10   5.364123e-14 2.002512e-15
59039.81892  0.110   0.011  -0.14    0.10   5.314944e-14 1.984153e-15
59040.08225  0.093   0.011  +0.11    0.11   5.170097e-14 1.930079e-15
59041.53151  0.079   0.010  -0.07    0.11   5.413757e-14 2.021041e-15
59045.65441  0.083   0.012  -0.10    0.15   5.314944e-14 1.984153e-15
59046.91742  0.094   0.011  -0.14    0.12   5.170097e-14 1.930079e-15
59047.58317  0.079   0.014  +0.25    0.18   5.170097e-14 1.930079e-15
59048.97506  0.116   0.012  +0.11    0.10   5.413757e-14 2.021041e-15
59049.97230  0.093   0.011  +0.07    0.12   5.314944e-14 1.984153e-15
59050.03457  0.107   0.011  +0.17    0.16   4.461683e-14 1.665617e-15
59052.42186  0.101   0.012  -0.04    0.11   4.847287e-14 1.809569e-15
59053.09802  0.246   0.021  -0.04    0.08   5.413757e-14 2.021041e-15
59056.94811  0.315   0.019  -0.08    0.06   5.514406e-14 2.058615e-15
59060.13607  0.084   0.011  -0.02    0.13   5.413757e-14 2.021041e-15
59064.77601  0.065   0.010  -0.38    0.15   5.170097e-14 1.930079e-15
59066.89170  0.097   0.021  -0.09    0.24   5.514406e-14 2.058615e-15
59068.61881  0.040   0.009  -0.01    0.20   5.122698e-14 1.912384e-15
59070.67784  0.059   0.015  +0.05    0.25   5.314944e-14 1.984153e-15
59072.68389  0.043   0.008  +0.03    0.16   5.565430e-14 2.077663e-15
59074.14096  0.063   0.009  +0.16    0.16   4.544632e-14 1.696583e-15
59076.86774  0.057   0.009  -0.20    0.16   4.983090e-14 1.860266e-15
59078.90764  0.053   0.013  +0.16    0.24   4.544632e-14 1.696583e-15
59080.83854  0.073   0.010  +0.04    0.14   4.420778e-14 1.650346e-15
59082.96647  0.045   0.009  +0.10    0.18   4.183105e-14 1.561619e-15
59084.36065  0.058   0.006  -0.24    0.15   4.340090e-14 1.620224e-15
59086.51847  0.063   0.007  +0.12    0.11   4.340090e-14 1.620224e-15
59088.61675  0.065   0.009  +0.30    0.12   4.629123e-14 1.728125e-15
59092.53272  0.180   0.019  -0.15    0.10   5.075732e-14 1.894851e-15
59094.25231  0.082   0.019  +0.09    0.20   4.340090e-14 1.620224e-15
59096.27778  0.080   0.008  -0.05    0.09   4.715185e-14 1.760253e-15
59098.44186  0.057   0.010  -0.13    0.19   4.260874e-14 1.590652e-15
59102.95833  0.040   0.007  -0.32    0.18   4.260874e-14 1.590652e-15
59105.86731  0.050   0.008  -0.14    0.16   4.502967e-14 1.681029e-15
59110.77479  0.080   0.016  +0.18    0.18   4.983090e-14 1.860266e-15
59112.43439  0.078   0.010  -0.20    0.20   4.629123e-14 1.728125e-15
59114.23255  0.038   0.011  -0.60    0.24   4.671956e-14 1.744115e-15
59122.87297  0.077   0.012  +0.07    0.15   4.586683e-14 1.712281e-15
59125.73189  0.079   0.010  +0.28    0.12   4.847287e-14 1.809569e-15
59129.77504  0.053   0.008  -0.13    0.15   4.671956e-14 1.744115e-15
59133.94823  0.083   0.015  -0.15    0.18   4.461683e-14 1.665617e-15
59141.99449  0.052   0.008  -0.03    0.16   4.260874e-14 1.590652e-15
59149.28446  0.040   0.010  -0.42    0.23  	      NA	   NA
59153.81321  0.051   0.010  +0.12    0.16   4.260874e-14 1.590652e-15
59157.48349  0.051   0.008  +0.05    0.15   4.031798e-14 1.505134e-15
59169.33416  0.039   0.008  +0.13    0.18   4.340090e-14 1.620224e-15
59173.22873  0.036   0.007  -0.19    0.20   4.758814e-14 1.776541e-15
59177.97740  0.043   0.008  +0.32    0.16   5.029198e-14 1.877479e-15
59181.63045  0.040   0.007  -0.21    0.20   4.715185e-14 1.760253e-15
59189.78130  0.063   0.010  -0.07    0.14   4.629123e-14 1.728125e-15
59193.89345  0.046   0.019   NA      0.00  	      NA	   NA
59197.94950  0.062   0.009  +0.01    0.14   4.715185e-14 1.760253e-15
59213.29156  0.032   0.007  +0.08    0.22   4.031798e-14 1.505134e-15
59224.05045  0.036   0.007  -0.03    0.17   4.340090e-14 1.620224e-15
59227.23754  0.032   0.007  -0.19    0.20   4.069103e-14 1.519061e-15
59234.46875  0.030   0.007  -0.26    0.23   3.850337e-14 1.437392e-15
