t c1 +- c2 +- c3 +- c4 +- c5 +- c6 +- c7 +- c8 +-
54237.128 0.053 0.004 +0.07 0.03 14.22 0.01 14.49 0.01 13.29 0.01 13.20 0.01 13.12 0.01 13.19 0.01 
54245.406 0.144 0.004 +0.06 0.03 14.19 0.01 14.42 0.01 13.20 0.01 13.08 0.01 12.95 0.01 13.01 0.01 
54279.073 0.076 0.012 +0.10 0.07 14.19 0.01 14.44 0.01 13.23 0.01 13.09 0.01 12.98 0.01 13.04 0.01 
54281.314 0.082 0.006 +0.04 0.07 14.15 0.01 14.41 0.01 13.22 0.01 13.10 0.01 12.97 0.01 13.04 0.01 
54283.751 0.109 0.007 -0.15 0.06 14.18 0.01 14.42 0.01 13.23 0.01 13.05 0.01 12.93 0.01 12.98 0.01 
54362.219 0.420 0.020 -0.15 0.05 0.000 0.000 0.000 0.000 0.000 0.000 0.000 0.000 0.000 0.000 0.000 0.000
54368.141 0.634 0.021 -0.07 0.03 0.000 0.000 0.000 0.000 0.000 0.000 0.000 0.000 0.000 0.000 0.000 0.000
54377.068 0.154 0.011 +0.25 0.07 0.000 0.000 0.000 0.000 0.000 0.000 0.000 0.000 0.000 0.000 0.000 0.000 
54380.795 0.324 0.011 -0.05 0.03 0.000 0.000 0.000 0.000 0.000 0.000 0.000 0.000 0.000 0.000 0.000 0.000 
54381.799 0.137 0.007 +0.05 0.05 0.000 0.000 0.000 0.000 0.000 0.000 0.000 0.000 0.000 0.000 0.000 0.000 
54382.569 0.380 0.010 -0.01 0.03 0.000 0.000 0.000 0.000 0.000 0.000 0.000 0.000 0.000 0.000 0.000 0.000 
54383.569 0.232 0.009 +0.03 0.04 0.000 0.000 0.000 0.000 0.000 0.000 0.000 0.000 0.000 0.000 0.000 0.000 
54384.514 0.451 0.013 -0.12 0.03 0.000 0.000 0.000 0.000 0.000 0.000 0.000 0.000 0.000 0.000 0.000 0.000
54386.084 0.494 0.009 +0.01 0.02 0.000 0.000 0.000 0.000 0.000 0.000 0.000 0.000 0.000 0.000 0.000 0.000 
54390.198 0.885 0.025 -0.01 0.02 0.000 0.000 0.000 0.000 0.000 0.000 0.000 0.000 0.000 0.000 0.000 0.000 
54391.327 1.277 0.020 -0.01 0.05 0.000 0.000 0.000 0.000 0.000 0.000 0.000 0.000 0.000 0.000 0.000 0.000
54393.000 0.881 0.020 -0.03 0.01 0.000 0.000 0.000 0.000 0.000 0.000 0.000 0.000 0.000 0.000 0.000 0.000
54394.899 1.109 0.025 -0.07 0.02 0.000 0.000 0.000 0.000 0.000 0.000 0.000 0.000 0.000 0.000 0.000 0.000
54404.766 0.978 0.032 -0.12 0.03 14.16 0.02 14.38 0.01 13.20 0.01 13.01 0.01 12.93 0.01 12.93 0.01 
54439.194 0.754 0.015 -0.03 0.02 14.10 0.01 14.35 0.01 13.10 0.01 12.93 0.01 12.79 0.01 12.81 0.01 
54446.536 0.652 0.023 -0.03 0.03 14.12 0.02 14.31 0.01 13.11 0.01 12.94 0.01 12.77 0.01 12.81 0.01 
54453.890 0.298 0.013 -0.05 0.05 14.14 0.02 14.35 0.01 13.14 0.01 12.98 0.01 12.87 0.01 12.92 0.01 
54460.586 0.253 0.012 -0.06 0.05 14.19 0.02 14.40 0.01 13.15 0.01 13.02 0.01 12.90 0.01 12.94 0.01 
54467.404 0.925 0.024 -0.10 0.02 14.16 0.01 14.39 0.01 13.19 0.01 13.01 0.01 12.87 0.01 12.91 0.01 
54474.935 0.534 0.018 -0.01 0.03 14.13 0.01 14.37 0.01 13.18 0.01 13.10 0.01 12.88 0.01 12.92 0.01 
54618.619 0.503 0.026 +0.01 0.03 14.33 0.02 14.46 0.01 13.27 0.01 13.11 0.01 13.00 0.01 13.05 0.01 
54625.095 0.892 0.028 -0.10 0.02 14.20 0.02 14.48 0.01 13.24 0.01 13.06 0.01 12.93 0.01 12.97 0.01 
54632.074 1.058 0.033 +0.02 0.02 14.20 0.01 14.45 0.01 13.27 0.01 13.11 0.01 12.97 0.01 13.01 0.01 
54639.484 1.121 0.015 -0.06 0.01 14.21 0.01 14.44 0.01 13.23 0.01 13.06 0.01 12.92 0.01 12.96 0.01 
54646.645 0.382 0.013 -0.08 0.03 14.26 0.02 14.45 0.01 13.25 0.01 13.11 0.01 12.97 0.01 13.03 0.01 
54653.030 0.800 0.025 -0.00 0.03 14.18 0.02 14.43 0.01 13.21 0.01 13.03 0.01 12.89 0.01 12.93 0.01 
54660.909 1.093 0.040 -0.04 0.03 14.22 0.02 14.44 0.01 13.25 0.01 13.07 0.01 12.91 0.01 12.94 0.01 
54667.165 1.000 0.043 -0.04 0.03 14.23 0.03 14.43 0.01 13.25 0.01 13.06 0.01 12.95 0.02 12.99 0.01 
54674.390 1.206 0.034 -0.09 0.03 14.22 0.02 14.47 0.01 13.26 0.01 13.09 0.01 12.95 0.01 12.98 0.01 
54681.542 1.078 0.028 +0.04 0.02 14.16 0.02 14.40 0.01 13.16 0.01 13.00 0.01 12.83 0.01 12.87 0.01 
54688.615 1.138 0.030 -0.11 0.02 14.17 0.02 14.42 0.01 13.19 0.01 13.04 0.01 12.91 0.01 12.92 0.01 
54696.012 0.781 0.025 -0.03 0.03 14.21 0.01 14.45 0.01 13.26 0.01 13.12 0.01 12.99 0.01 13.04 0.01 
54702.394 1.315 0.037 +0.01 0.03 14.21 0.01 14.44 0.01 13.27 0.01 13.03 0.01 13.05 0.01 13.04 0.01 
54709.855 0.502 0.017 +0.02 0.03 14.31 0.01 14.56 0.01 13.41 0.01 13.31 0.01 13.24 0.01 13.31 0.01 
54716.517 0.348 0.014 +0.02 0.04 14.33 0.02 14.57 0.01 13.39 0.01 13.27 0.01 13.18 0.01 13.24 0.01 
54723.859 0.532 0.019 -0.04 0.03 14.24 0.02 14.50 0.01 13.33 0.01 13.19 0.01 13.08 0.01 13.12 0.01 
54730.754 0.809 0.027 -0.06 0.03 14.28 0.02 14.51 0.01 13.32 0.01 13.19 0.01 13.06 0.01 13.12 0.01 
54737.630 0.605 0.024 +0.02 0.03 14.24 0.02 14.53 0.01 13.37 0.01 13.27 0.01 13.15 0.01 13.22 0.01 
54744.325 0.907 0.032 -0.04 0.03 14.29 0.02 14.58 0.01 13.36 0.01 13.26 0.01 13.12 0.01 13.18 0.01 
54751.258 0.493 0.015 +0.02 0.03 14.29 0.01 14.55 0.01 13.39 0.01 13.23 0.01 13.11 0.01 13.18 0.01 
54758.729 0.758 0.023 -0.14 0.03 14.34 0.02 14.54 0.01 13.40 0.01 13.23 0.01 13.10 0.01 13.15 0.01 
54765.798 0.514 0.018 -0.02 0.03 14.22 0.02 14.48 0.01 13.30 0.01 13.23 0.01 12.98 0.01 13.07 0.01 
54775.726 1.041 0.029 -0.06 0.03 14.20 0.02 14.46 0.01 13.29 0.01 13.07 0.01 12.96 0.01 13.01 0.01 
54779.066 1.141 0.028 -0.09 0.02 14.19 0.01 14.46 0.01 13.29 0.01 13.08 0.01 12.97 0.01 13.07 0.01 
54786.163 1.042 0.026 -0.06 0.02 14.20 0.01 14.44 0.01 13.23 0.01 13.08 0.01 12.94 0.01 13.01 0.01 
54796.161 0.474 0.017 -0.00 0.03 14.18 0.02 14.46 0.01 13.29 0.01 13.10 0.01 12.97 0.01 13.04 0.01 
54800.114 1.110 0.031 -0.08 0.03 14.25 0.02 14.44 0.01 13.25 0.01 13.07 0.01 12.93 0.01 12.98 0.01 
54809.591 0.868 0.027 -0.01 0.03 14.29 0.02 14.44 0.01 13.24 0.01 13.07 0.01 12.94 0.01 12.99 0.01 
54816.246 0.432 0.018 +0.01 0.04 14.26 0.01 14.51 0.01 13.35 0.01 13.13 0.01 13.04 0.01 13.10 0.01 
54824.298 0.925 0.029 -0.05 0.03 14.24 0.02 14.48 0.01 13.26 0.01 13.08 0.01 12.93 0.01 12.98 0.01 
54829.060 0.863 0.022 +0.02 0.02 14.25 0.01 14.50 0.01 13.29 0.01 13.12 0.01 12.98 0.01 13.04 0.01 
54836.927 0.689 0.024 +0.03 0.03 14.23 0.02 14.51 0.01 13.30 0.01 13.13 0.01 12.98 0.01 13.04 0.01 
54842.286 1.521 0.040 -0.02 0.02 14.19 0.01 14.44 0.01 13.22 0.01 13.05 0.01 12.88 0.01 12.92 0.01 
54849.845 1.543 0.047 -0.05 0.02 14.22 0.01 14.44 0.01 13.23 0.01 13.03 0.01 12.86 0.01 12.88 0.01 
54856.673 0.389 0.017 -0.03 0.04 14.19 0.02 14.45 0.01 13.22 0.01 13.06 0.01 12.92 0.01 12.98 0.01 
54864.033 0.860 0.034 +0.03 0.03 14.14 0.04 14.51 0.01 13.22 0.01 13.11 0.01 0.000 0.000 13.05 0.01 
54974.387 0.434 0.025 +0.01 0.05 0.000 0.000 0.000 0.000 0.000 0.000 0.000 0.000 13.06 0.01 0.000 0.000 
54981.852 0.171 0.015 +0.11 0.09 0.000 0.000 0.000 0.000 0.000 0.000 0.000 0.000 0.000 0.000 13.24 0.01 
54985.051 0.111 0.011 +0.13 0.09 0.000 0.000 0.000 0.000 0.000 0.000 0.000 0.000 0.000 0.000 13.28 0.01 
54989.008 0.125 0.013 +0.08 0.10 0.000 0.000 0.000 0.000 0.000 0.000 0.000 0.000 0.000 0.000 13.25 0.01 
54994.235 0.171 0.015 +0.02 0.09 0.000 0.000 0.000 0.000 0.000 0.000 0.000 0.000 0.000 0.000 13.28 0.01 
54996.945 0.361 0.016 +0.09 0.05 0.000 0.000 0.000 0.000 0.000 0.000 0.000 0.000 0.000 0.000 13.22 0.01 
55001.083 0.303 0.014 +0.03 0.05 0.000 0.000 0.000 0.000 0.000 0.000 0.000 0.000 0.000 0.000 13.10 0.01 
55009.260 0.362 0.021 +0.10 0.06 0.000 0.000 0.000 0.000 0.000 0.000 0.000 0.000 0.000 0.000 13.26 0.01 
55017.924 0.552 0.027 +0.01 0.04 0.000 0.000 0.000 0.000 0.000 0.000 0.000 0.000 0.000 0.000 13.20 0.01 
55024.218 0.412 0.022 +0.12 0.05 0.000 0.000 0.000 0.000 0.000 0.000 0.000 0.000 0.000 0.000 13.19 0.01 
55033.055 0.225 0.025 +0.04 0.10 0.000 0.000 0.000 0.000 0.000 0.000 0.000 0.000 0.000 0.000 13.19 0.01 
55041.086 0.180 0.010 +0.13 0.05 0.000 0.000 0.000 0.000 0.000 0.000 0.000 0.000 0.000 0.000 13.14 0.01 
55049.548 0.123 0.008 +0.17 0.06 0.000 0.000 0.000 0.000 0.000 0.000 0.000 0.000 0.000 0.000 13.24 0.01 
55057.109 0.098 0.009 +0.12 0.09 0.000 0.000 0.000 0.000 0.000 0.000 0.000 0.000 0.000 0.000 13.19 0.01 
55065.944 0.197 0.012 +0.09 0.05 0.000 0.000 0.000 0.000 0.000 0.000 0.000 0.000 0.000 0.000 13.04 0.01 
55073.110 0.155 0.008 +0.06 0.05 0.000 0.000 0.000 0.000 0.000 0.000 0.000 0.000 0.000 0.000 13.12 0.01 
55082.709 0.203 0.010 +0.20 0.05 0.000 0.000 0.000 0.000 0.000 0.000 0.000 0.000 0.000 0.000 12.99 0.01 
55089.160 0.392 0.019 -0.10 0.05 0.000 0.000 0.000 0.000 0.000 0.000 0.000 0.000 0.000 0.000 12.90 0.01 
55097.891 0.052 0.019 -0.06 0.04 0.000 0.000 0.000 0.000 0.000 0.000 0.000 0.000 0.000 0.000 12.92 0.01 
55106.091 0.130 0.010 +0.23 0.07 0.000 0.000 0.000 0.000 0.000 0.000 0.000 0.000 0.000 0.000 13.05 0.01 
55113.803 0.118 0.008 +0.34 0.06 0.000 0.000 0.000 0.000 0.000 0.000 0.000 0.000 0.000 0.000 13.14 0.01 
55121.218 0.082 0.009 +0.26 0.10 14.33 0.02 14.55 0.01 13.34 0.01 13.25 0.01 13.15 0.01 13.22 0.01 
55129.998 0.144 0.017 +0.07 0.11 0.000 0.000 14.47 0.01 13.29 0.01 13.10 0.01 0.000 0.000 13.10 0.01 
55137.146 0.133 0.009 +0.22 0.07 14.25 0.02 14.51 0.01 13.26 0.01 13.15 0.01 13.04 0.01 13.08 0.01 
55145.051 0.076 0.007 +0.09 0.08 14.20 0.02 14.47 0.01 13.27 0.01 13.08 0.01 12.98 0.01 13.04 0.01 
55153.545 0.105 0.008 +0.29 0.07 14.30 0.02 14.51 0.01 13.30 0.01 13.12 0.01 13.01 0.01 13.04 0.01 
55160.508 0.438 0.017 -0.03 0.04 14.18 0.02 14.42 0.01 13.17 0.01 12.99 0.01 12.82 0.01 12.85 0.01 
55170.072 0.082 0.006 +0.18 0.07 0.000 0.000 0.000 0.000 0.000 0.000 0.000 0.000 12.83 0.01 12.97 0.01 
55177.208 0.143 0.010 +0.11 0.07 0.000 0.000 0.000 0.000 0.000 0.000 0.000 0.000 0.000 0.000 12.97 0.01 
55185.274 0.189 0.014 +0.12 0.07 0.000 0.000 0.000 0.000 0.000 0.000 0.000 0.000 0.000 0.000 12.93 0.01 
55193.100 0.121 0.010 +0.20 0.07 0.000 0.000 0.000 0.000 0.000 0.000 0.000 0.000 0.000 0.000 13.05 0.01 
55201.937 0.291 0.015 +0.05 0.05 0.000 0.000 0.000 0.000 0.000 0.000 0.000 0.000 0.000 0.000 13.07 0.01 
55209.270 0.477 0.015 +0.06 0.03 0.000 0.000 0.000 0.000 0.000 0.000 0.000 0.000 0.000 0.000 13.21 0.01 
55221.944 0.232 0.011 +0.08 0.05 0.000 0.000 0.000 0.000 0.000 0.000 0.000 0.000 0.000 0.000 13.31 0.01 
55226.162 0.436 0.014 -0.01 0.03 0.000 0.000 0.000 0.000 0.000 0.000 0.000 0.000 0.000 0.000 13.26 0.01 
55233.188 0.512 0.021 -0.02 0.04 0.000 0.000 0.000 0.000 0.000 0.000 0.000 0.000 0.000 0.000 13.16 0.01 
55337.098 0.121 0.011 +0.05 0.09 0.000 0.000 0.000 0.000 0.000 0.000 0.000 0.000 0.000 0.000 13.14 0.01   
55361.382 0.158 0.012 +0.19 0.08 0.000 0.000 0.000 0.000 0.000 0.000 0.000 0.000 0.000 0.000 13.19 0.01 
55393.080 0.402 0.020 +0.05 0.05 0.000 0.000 0.000 0.000 0.000 0.000 0.000 0.000 0.000 0.000 13.29 0.01
55418.577 0.186 0.013 +0.15 0.07 0.000 0.000 0.000 0.000 0.000 0.000 0.000 0.000 0.000 0.000 13.25 0.01 
55453.676 0.228 0.016 +0.11 0.07 0.000 0.000 0.000 0.000 0.000 0.000 0.000 0.000 0.000 0.000 13.53 0.01
55473.413 0.329 0.018 -0.02 0.05 0.000 0.000 0.000 0.000 0.000 0.000 0.000 0.000 0.000 0.000 13.23 0.01
55501.920 0.734 0.028 -0.15 0.03 0.000 0.000 0.000 0.000 0.000 0.000 0.000 0.000 0.000 0.000 13.07 0.01
55529.074 0.135 0.011 +0.15 0.08 0.000 0.000 0.000 0.000 0.000 0.000 0.000 0.000 0.000 0.000 12.94 0.01 
55561.665 0.478 0.021 -0.15 0.04 0.000 0.000 0.000 0.000 0.000 0.000 0.000 0.000 0.000 0.000 12.74 0.01
55585.953 0.140 0.012 +0.04 0.09 0.000 0.000 0.000 0.000 0.000 0.000 0.000 0.000 0.000 0.000 12.91 0.01
55701.765 0.085 0.010 +0.01 0.11 0.000 0.000 0.000 0.000 0.000 0.000 0.000 0.000 0.000 0.000 12.92 0.01
55729.069 0.191 0.015 -0.02 0.08 0.000 0.000 0.000 0.000 0.000 0.000 0.000 0.000 0.000 0.000 12.69 0.01
55757.968 0.094 0.010 +0.18 0.11 0.000 0.000 0.000 0.000 0.000 0.000 0.000 0.000 0.000 0.000 13.03 0.01
55785.754 0.058 0.008 -0.12 0.13 0.000 0.000 0.000 0.000 0.000 0.000 0.000 0.000 0.000 0.000 13.12 0.01
55787.957 0.084 0.008 +0.08 0.09 14.32 0.020 14.51 0.010 13.31 0.010 13.17 0.010 13.03 0.010 13.05 0.01
55788.203 0.095 0.006 -0.09 0.06 0.000 0.000 0.000 0.000 0.000 0.000 0.000 0.000 0.000 0.000 13.07 0.01
55793.894 0.128 0.014 +0.13 0.11 0.000 0.000 0.000 0.000 0.000 0.000 0.000 0.000 0.000 0.000 13.09 0.01
55797.502 0.066 0.010 +0.32 0.15 0.000 0.000 0.000 0.000 0.000 0.000 0.000 0.000 0.000 0.000 13.14 0.01
55801.571 0.042 0.010 -0.19 0.20 0.000 0.000 0.000 0.000 0.000 0.000 0.000 0.000 0.000 0.000 13.20 0.01
55805.135 0.062 0.010 +0.27 0.13 0.000 0.000 0.000 0.000 0.000 0.000 0.000 0.000 0.000 0.000 13.18 0.01 
55809.666 0.096 0.011 +0.33 0.12 0.000 0.000 0.000 0.000 0.000 0.000 0.000 0.000 0.000 0.000 13.26 0.01
55813.425 0.067 0.009 -0.23 0.14 0.000 0.000 0.000 0.000 0.000 0.000 0.000 0.000 0.000 0.000 13.63 0.01
55821.657 0.075 0.011 +0.11 0.14 14.38 0.03 14.61 0.02 13.42 0.01 13.34 0.01 13.19 0.01 13.26 0.01
55826.138 0.083 0.009 +0.01 0.10 0.000 0.000 0.000 0.000 0.000 0.000 0.000 0.000 0.000 0.000 13.21 0.01
55829.012 0.194 0.015 +0.06 0.08 0.000 0.000 0.000 0.000 0.000 0.000 0.000 0.000 0.000 0.000 13.21 0.01
55834.288 0.078 0.009 +0.09 0.11 0.000 0.000 0.000 0.000 0.000 0.000 0.000 0.000 0.000 0.000 13.24 0.01
55837.034 0.081 0.009 +0.28 0.10 0.000 0.000 0.000 0.000 0.000 0.000 0.000 0.000 0.000 0.000 13.21 0.01 
55841.312 0.057 0.011 -0.14 0.18 0.000 0.000 0.000 0.000 0.000 0.000 0.000 0.000 0.000 0.000 13.24 0.01
55849.235 0.052 0.013 +0.07 0.21 0.000 0.000 0.000 0.000 0.000 0.000 0.000 0.000 0.000 0.000 13.16 0.01
55853.425 0.058 0.009 -0.21 0.16 0.000 0.000 0.000 0.000 0.000 0.000 0.000 0.000 0.000 0.000 13.08 0.01 
55857.833 0.099 0.015 +0.07 0.14 0.000 0.000 0.000 0.000 0.000 0.000 0.000 0.000 0.000 0.000 12.99 0.01
55861.510 0.134 0.012 +0.19 0.09 0.000 0.000 0.000 0.000 0.000 0.000 0.000 0.000 0.000 0.000 13.01 0.01
55865.934 0.460 0.025 -0.13 0.05 0.000 0.000 0.000 0.000 0.000 0.000 0.000 0.000 0.000 0.000 13.09 0.03
55869.945 0.321 0.019 -0.10 0.06 0.000 0.000 0.000 0.000 0.000 0.000 0.000 0.000 0.000 0.000 12.91 0.01
55877.702 0.132 0.012 -0.01 0.09 0.000 0.000 0.000 0.000 0.000 0.000 0.000 0.000 0.000 0.000 12.89 0.02
55881.578 0.436 0.019 -0.07 0.05 0.000 0.000 0.000 0.000 0.000 0.000 0.000 0.000 0.000 0.000 12.90 0.02
55885.673 0.961 0.038 -0.05 0.03 0.000 0.000 0.000 0.000 0.000 0.000 0.000 0.000 0.000 0.000 12.89 0.02
55889.802 0.347 0.020 -0.04 0.06 0.000 0.000 0.000 0.000 0.000 0.000 0.000 0.000 0.000 0.000 12.88 0.02 
55893.481 0.493 0.024 -0.13 0.05 0.000 0.000 0.000 0.000 0.000 0.000 0.000 0.000 0.000 0.000 12.96 0.02
55897.144 0.555 0.026 -0.00 0.04 0.000 0.000 0.000 0.000 0.000 0.000 0.000 0.000 0.000 0.000 12.93 0.02 
55901.598 0.595 0.025 -0.09 0.06 0.000 0.000 0.000 0.000 0.000 0.000 0.000 0.000 0.000 0.000 12.99 0.02 
55909.121 0.192 0.015 -0.17 0.07 0.000 0.000 0.000 0.000 0.000 0.000 0.000 0.000 0.000 0.000 13.24 0.02 
55913.224 0.207 0.020 -0.17 0.09 0.000 0.000 0.000 0.000 0.000 0.000 0.000 0.000 0.000 0.000 13.06 0.03 
55918.048 0.130 0.013 -0.10 0.10 0.000 0.000 0.000 0.000 0.000 0.000 0.000 0.000 0.000 0.000 13.07 0.03 
55921.495 0.797 0.036 -0.16 0.04 0.000 0.000 0.000 0.000 0.000 0.000 0.000 0.000 0.000 0.000 12.93 0.03 
55925.530 0.301 0.018 +0.07 0.06 0.000 0.000 0.000 0.000 0.000 0.000 0.000 0.000 0.000 0.000 12.86 0.03 
55929.623 1.283 0.047 -0.06 0.05 0.000 0.000 0.000 0.000 0.000 0.000 0.000 0.000 0.000 0.000 12.89 0.03 
55933.864 0.477 0.024 -0.17 0.06 0.000 0.000 0.000 0.000 0.000 0.000 0.000 0.000 0.000 0.000 12.91 0.03
55937.209 0.692 0.033 -0.14 0.06 0.000 0.000 0.000 0.000 0.000 0.000 0.000 0.000 0.000 0.000 12.78 0.03
55938.329 0.344 0.020 -0.05 0.06 0.000 0.000 0.000 0.000 0.000 0.000 0.000 0.000 0.000 0.000 12.77 0.03
55939.132 0.306 0.025 -0.14 0.08 0.000 0.000 0.000 0.000 0.000 0.000 0.000 0.000 0.000 0.000 12.79 0.03
55940.067 0.283 0.018 -0.21 0.06 0.000 0.000 0.000 0.000 0.000 0.000 0.000 0.000 0.000 0.000 12.78 0.03
55941.204 0.373 0.021 -0.18 0.05 0.000 0.000 0.000 0.000 0.000 0.000 0.000 0.000 0.000 0.000 12.77 0.03
55942.139 1.024 0.040 -0.20 0.05 0.000 0.000 0.000 0.000 0.000 0.000 0.000 0.000 0.000 0.000 12.74 0.03 
55944.953 0.690 0.032 -0.18 0.05 0.000 0.000 0.000 0.000 0.000 0.000 0.000 0.000 0.000 0.000 12.67 0.03
55945.817 1.213 0.044 -0.11 0.05 0.000 0.000 0.000 0.000 0.000 0.000 0.000 0.000 0.000 0.000 12.70 0.03
55946.819 0.576 0.027 -0.13 0.05 0.000 0.000 0.000 0.000 0.000 0.000 0.000 0.000 0.000 0.000 12.72 0.03
55947.828 -99.0 0.000 -99.0 0.00 0.000 0.000 0.000 0.000 0.000 0.000 0.000 0.000 0.000 0.000 12.71 0.03
55948.625 0.367 0.021 -0.05 0.05 0.000 0.000 0.000 0.000 0.000 0.000 0.000 0.000 0.000 0.000 12.75 0.03 
55949.896 0.912 0.044 -0.03 0.06 0.000 0.000 0.000 0.000 0.000 0.000 0.000 0.000 0.000 0.000 12.78 0.03 
55950.965 0.886 0.038 -0.12 0.05 0.000 0.000 0.000 0.000 0.000 0.000 0.000 0.000 0.000 0.000 12.82 0.03
55951.098 0.678 0.032 -0.05 0.05 0.000 0.000 0.000 0.000 0.000 0.000 0.000 0.000 0.000 0.000 12.82 0.03
55957.264 0.386 0.020 -0.09 0.05 0.000 0.000 0.000 0.000 0.000 0.000 0.000 0.000 0.000 0.000 12.88 0.03 
55958.173 0.699 0.031 -0.15 0.05 0.000 0.000 0.000 0.000 0.000 0.000 0.000 0.000 0.000 0.000 12.86 0.03
55959.340 0.439 0.025 -0.20 0.06 0.000 0.000 0.000 0.000 0.000 0.000 0.000 0.000 0.000 0.000 12.84 0.03
55960.396 0.335 0.025 -0.10 0.07 0.000 0.000 0.000 0.000 0.000 0.000 0.000 0.000 0.000 0.000 12.78 0.03
55961.076 0.430 0.021 -0.11 0.05 0.000 0.000 0.000 0.000 0.000 0.000 0.000 0.000 0.000 0.000 12.77 0.03
55963.953 0.243 0.017 -0.07 0.07 0.000 0.000 0.000 0.000 0.000 0.000 0.000 0.000 0.000 0.000 12.71 0.03
55964.687 0.504 0.024 -0.08 0.05 0.000 0.000 0.000 0.000 0.000 0.000 0.000 0.000 0.000 0.000 12.71 0.03
55965.624 0.151 0.013 -0.12 0.08 0.000 0.000 0.000 0.000 0.000 0.000 0.000 0.000 0.000 0.000 12.75 0.03
55966.629 0.367 0.021 -0.11 0.06 0.000 0.000 0.000 0.000 0.000 0.000 0.000 0.000 0.000 0.000 12.69 0.03
55967.624 0.332 0.020 -0.15 0.06 0.000 0.000 0.000 0.000 0.000 0.000 0.000 0.000 0.000 0.000 12.70 0.03
56073.968 0.086 0.010 +0.05 0.11 0.000 0.000 0.000 0.000 0.000 0.000 0.000 0.000 0.000 0.000 13.04 0.03
56081.977 0.091 0.013 +0.08 0.12 0.000 0.000 0.000 0.000 0.000 0.000 0.000 0.000 0.000 0.000 13.04 0.03
56089.341 0.380 0.021 -0.08 0.05 0.000 0.000 0.000 0.000 0.000 0.000 0.000 0.000 0.000 0.000 13.00 0.03
56097.919 0.127 0.012 -0.13 0.09 0.000 0.000 0.000 0.000 0.000 0.000 0.000 0.000 0.000 0.000 13.09 0.03
56105.838 0.153 0.013 -0.01 0.08 0.000 0.000 0.000 0.000 0.000 0.000 0.000 0.000 0.000 0.000 13.14 0.03
56113.069 -99 0.000 -99 0.00 0.000 0.000 0.000 0.000 0.000 0.000 0.000 0.000 0.000 0.000 13.15 0.03
56116.606 0.302 0.020 +0.14 0.07 0.000 0.000 0.000 0.000 0.000 0.000 0.000 0.000 0.000 0.000 13.12 0.03 
56121.005 0.187 0.035 +0.12 0.17 0.000 0.000 0.000 0.000 0.000 0.000 0.000 0.000 0.000 0.000 13.21 0.03
56129.736 0.203 0.015 -0.13 0.07 0.000 0.000 0.000 0.000 0.000 0.000 0.000 0.000 0.000 0.000 13.12 0.03
56140.926 0.097 0.011 +0.01 0.11 0.000 0.000 0.000 0.000 0.000 0.000 0.000 0.000 0.000 0.000 13.12 0.03
56147.205 0.063 0.011 -0.09 0.15 0.000 0.000 0.000 0.000 0.000 0.000 0.000 0.000 0.000 0.000 13.26 0.03 
56153.556 0.152 0.016 +0.10 0.10 0.000 0.000 0.000 0.000 0.000 0.000 0.000 0.000 0.000 0.000 13.06 0.03
56161.960 0.052 0.010 -0.28 0.17 0.000 0.000 0.000 0.000 0.000 0.000 0.000 0.000 0.000 0.000 13.04 0.03
56182.421 0.103 0.011 +0.25 0.10 0.000 0.000 0.000 0.000 0.000 0.000 0.000 0.000 0.000 0.000 13.01 0.03 
56185.819 0.123 0.024 +0.15 0.18 0.000 0.000 0.000 0.000 0.000 0.000 0.000 0.000 0.000 0.000 13.14 0.03 
56189.931 0.081 0.011 -0.04 0.13 0.000 0.000 0.000 0.000 0.000 0.000 0.000 0.000 0.000 0.000 13.04 0.03
56193.364 0.238 0.017 -0.08 0.07 0.000 0.000 0.000 0.000 0.000 0.000 0.000 0.000 0.000 0.000 13.02 0.03
56201.863 0.079 0.010 -0.05 0.12 0.000 0.000 0.000 0.000 0.000 0.000 0.000 0.000 0.000 0.000 -99 0.00
56209.945 0.092 0.011 +0.18 0.12 0.000 0.000 0.000 0.000 0.000 0.000 0.000 0.000 0.000 0.000 12.95 0.03
56217.349 0.097 0.010 +0.22 0.10 0.000 0.000 0.000 0.000 0.000 0.000 0.000 0.000 0.000 0.000 13.12 0.03 
56225.581 0.391 0.020 -0.05 0.05 0.000 0.000 0.000 0.000 0.000 0.000 0.000 0.000 0.000 0.000 12.96 0.03 
56233.662 0.267 0.017 -0.02 0.06 0.000 0.000 0.000 0.000 0.000 0.000 0.000 0.000 0.000 0.000 12.99 0.03
56240.863 0.448 0.029 +0.07 0.06 0.000 0.000 0.000 0.000 0.000 0.000 0.000 0.000 0.000 0.000 13.03 0.03
56249.880 0.139 0.013 +0.37 0.09 0.000 0.000 0.000 0.000 0.000 0.000 0.000 0.000 0.000 0.000 13.18 0.03
56257.031 0.187 0.015 -0.01 0.08 0.000 0.000 0.000 0.000 0.000 0.000 0.000 0.000 0.000 0.000 12.95 0.03 
56265.874 0.078 0.013 -0.01 0.15 0.000 0.000 0.000 0.000 0.000 0.000 0.000 0.000 0.000 0.000 12.98 0.03
56273.202 0.120 0.026 +0.17 0.08 0.000 0.000 0.000 0.000 0.000 0.000 0.000 0.000 0.000 0.000 12.91 0.03
56283.932 0.254 0.014 +0.04 0.06 0.000 0.000 0.000 0.000 0.000 0.000 0.000 0.000 0.000 0.000 12.88 0.03
56289.628 0.425 0.022 +0.05 0.05 0.000 0.000 0.000 0.000 0.000 0.000 0.000 0.000 0.000 0.000 12.86 0.03
56297.238 0.388 0.022 +0.04 0.06 0.000 0.000 0.000 0.000 0.000 0.000 0.000 0.000 0.000 0.000 12.87 0.03
56305.251 0.147 0.016 -0.03 0.10 0.000 0.000 0.000 0.000 0.000 0.000 0.000 0.000 0.000 0.000 12.90 0.03
56313.547 0.444 0.026 +0.01 0.05 0.000 0.000 0.000 0.000 0.000 0.000 0.000 0.000 0.000 0.000 13.13 0.03
56321.489 0.327 0.020 +0.09 0.06 0.000 0.000 0.000 0.000 0.000 0.000 0.000 0.000 0.000 0.000 13.07 0.03
56330.302 0.724 0.031 -0.24 0.05 0.000 0.000 0.000 0.000 0.000 0.000 0.000 0.000 0.000 0.000 0.000 0.00 
56334.583 0.327 0.027 -0.26 0.06 0.000 0.000 0.000 0.000 0.000 0.000 0.000 0.000 0.000 0.000 13.08 0.06
56429.071 0.145 0.016 -0.07 0.11 0.000 0.000 0.000 0.000 0.000 0.000 0.000 0.000 0.000 0.000 12.94 0.06 
56433.142 0.152 0.013 +0.11 0.08 0.000 0.000 0.000 0.000 0.000 0.000 0.000 0.000 0.000 0.000 12.93 0.06
56437.537 0.165 0.014 +0.14 0.08 0.000 0.000 0.000 0.000 0.000 0.000 0.000 0.000 0.000 0.000 12.98 0.06 
56443.427 0.075 0.010 +0.29 0.11 0.000 0.000 0.000 0.000 0.000 0.000 0.000 0.000 0.000 0.000 13.09 0.06 
56449.430 0.096 0.010 +0.12 0.10 0.000 0.000 0.000 0.000 0.000 0.000 0.000 0.000 0.000 0.000 13.14 0.06
56453.227 0.065 0.018 +0.24 0.28 0.000 0.000 0.000 0.000 0.000 0.000 0.000 0.000 0.000 0.000 13.14 0.06
56454.239 0.123 0.012 +0.26 0.09 14.31 0.05 14.45 0.05 13.24 0.05 13.09 0.06 13.00 0.06 13.06 0.06
56455.908 0.089 0.018 +0.18 0.21 14.34 0.07 14.49 0.06 13.28 0.06 13.07 0.06 13.03 0.06 13.08 0.06
56456.635 0.042 0.007 +0.06 0.16 14.32 0.05 14.51 0.05 13.32 0.05 13.17 0.06 13.18 0.06 13.28 0.06
56457.507 0.159 0.012 +0.06 0.08 14.27 0.04 14.49 0.05 13.21 0.05 13.09 0.06 13.02 0.06 13.06 0.05
56458.177 0.141 0.011 +0.22 0.08 14.25 0.05 14.47 0.05 13.25 0.05 13.08 0.06 13.04 0.06 13.07 0.05
56459.177 0.069 0.008 +0.05 0.13 14.30 0.05 14.50 0.05 13.30 0.05 13.13 0.06 13.09 0.06 13.16 0.05
56460.381 0.046 0.008 +0.16 0.16 14.35 0.05 14.51 0.05 13.28 0.05 13.14 0.06 -99 0.00 13.17 0.05 
56461.440 0.064 0.009 -0.29 0.13 14.27 0.05 14.50 0.05 13.35 0.05 13.14 0.06 13.08 0.06 13.14 0.05
56465.653 0.106 0.011 +0.26 0.10 0.000 0.000 0.000 0.000 0.000 0.000 0.000 0.000 0.000 0.000 13.10 0.05 
56468.644 0.152 0.017 +0.13 0.11 14.22 0.05 14.47 0.05 13.27 0.05 13.10 0.06 13.04 0.06 13.10 0.05
56469.992 0.102 0.016 +0.20 0.12 14.32 0.04 14.53 0.05 13.28 0.05 13.16 0.05 13.12 0.06 13.18 0.05
56470.191 0.269 0.016 -0.02 0.06 14.30 0.04 14.47 0.05 13.28 0.05 13.12 0.05 13.04 0.06 13.10 0.05
56477.992 0.411 0.019 -0.01 0.05 0.000 0.000 0.000 0.000 0.000 0.000 0.000 0.000 0.000 0.000 13.18 0.05 
56481.313 0.335 0.020 +0.02 0.07 0.000 0.000 0.000 0.000 0.000 0.000 0.000 0.000 0.000 0.000 13.16 0.05 
56485.438 0.443 0.022 +0.03 0.05 0.000 0.000 0.000 0.000 0.000 0.000 0.000 0.000 0.000 0.000 13.18 0.05 
56489.082 0.318 0.021 -0.04 0.06 0.000 0.000 0.000 0.000 0.000 0.000 0.000 0.000 0.000 0.000 13.11 0.05 
56493.553 0.172 0.014 +0.14 0.08 0.000 0.000 0.000 0.000 0.000 0.000 0.000 0.000 0.000 0.000 13.22 0.05
56497.685 0.173 0.014 -0.08 0.08 0.000 0.000 0.000 0.000 0.000 0.000 0.000 0.000 0.000 0.000 13.24 0.05
56505.671 0.038 0.009 -0.16 0.18 0.000 0.000 0.000 0.000 0.000 0.000 0.000 0.000 0.000 0.000 13.29 0.05 
56513.919 0.184 0.016 +0.11 0.08 0.000 0.000 0.000 0.000 0.000 0.000 0.000 0.000 0.000 0.000 13.08 0.05 
56517.575 0.095 0.011 +0.21 0.07 0.000 0.000 0.000 0.000 0.000 0.000 0.000 0.000 0.000 0.000 13.11 0.05 
56521.846 0.066 0.010 -0.10 0.15 0.000 0.000 0.000 0.000 0.000 0.000 0.000 0.000 0.000 0.000 13.15 0.05 
56525.319 0.066 0.009 +0.01 0.13 0.000 0.000 0.000 0.000 0.000 0.000 0.000 0.000 0.000 0.000 13.11 0.05
56529.570 0.114 0.011 +0.18 0.09 0.000 0.000 0.000 0.000 0.000 0.000 0.000 0.000 0.000 0.000 13.11 0.05
56533.569 0.098 0.011 +0.25 0.11 0.000 0.000 0.000 0.000 0.000 0.000 0.000 0.000 0.000 0.000 13.17 0.05 
56537.678 0.075 0.013 -99 0.00 0.000 0.000 0.000 0.000 0.000 0.000 0.000 0.000 0.000 0.000 13.27 0.05 
56541.441 0.117 0.011 +0.31 0.09 0.000 0.000 0.000 0.000 0.000 0.000 0.000 0.000 0.000 0.000 13.25 0.05
56545.678 0.327 0.020 +0.20 0.06 0.000 0.000 0.000 0.000 0.000 0.000 0.000 0.000 0.000 0.000 13.26 0.05
56549.031 0.050 0.009 -0.01 0.15 0.000 0.000 0.000 0.000 0.000 0.000 0.000 0.000 0.000 0.000 13.29 0.05 
56553.153 0.081 0.010 +0.14 0.12 0.000 0.000 0.000 0.000 0.000 0.000 0.000 0.000 0.000 0.000 13.20 0.05 
56557.224 0.064 0.009 +0.22 0.14 0.000 0.000 0.000 0.000 0.000 0.000 0.000 0.000 0.000 0.000 13.22 0.05
56561.845 0.185 0.015 +0.39 0.07 0.000 0.000 0.000 0.000 0.000 0.000 0.000 0.000 0.000 0.000 13.16 0.05 
56565.850 0.120 0.011 +0.34 0.10 0.000 0.000 0.000 0.000 0.000 0.000 0.000 0.000 0.000 0.000 13.16 0.05 
56569.987 0.217 0.019 +0.26 0.08 0.000 0.000 0.000 0.000 0.000 0.000 0.000 0.000 0.000 0.000 13.06 0.05  
56577.728 0.057 0.008 +0.27 0.14 0.000 0.000 0.000 0.000 0.000 0.000 0.000 0.000 0.000 0.000 13.20 0.05
56581.047 0.110 0.019 +0.39 0.16 0.000 0.000 0.000 0.000 0.000 0.000 0.000 0.000 0.000 0.000 13.17 0.05
56585.536 0.093 0.011 +0.16 0.11 0.000 0.000 0.000 0.000 0.000 0.000 0.000 0.000 0.000 0.000 13.15 0.05
56593.279 0.199 0.015 +0.10 0.07 0.000 0.000 0.000 0.000 0.000 0.000 0.000 0.000 0.000 0.000 13.07 0.05
56598.602 0.130 0.014 +0.23 0.11 0.000 0.000 0.000 0.000 0.000 0.000 0.000 0.000 0.000 0.000 13.18 0.05
56601.951 0.065 0.011 +0.26 0.18 0.000 0.000 0.000 0.000 0.000 0.000 0.000 0.000 0.000 0.000 13.24 0.05
56605.486 0.159 0.012 +0.08 0.14 0.000 0.000 0.000 0.000 0.000 0.000 0.000 0.000 0.000 0.000 13.23 0.05
56608.079 0.091 0.010 +0.11 0.09 0.000 0.000 0.000 0.000 0.000 0.000 0.000 0.000 0.000 0.000 13.24 0.05
56613.302 0.066 0.015 +0.11 0.21 0.000 0.000 0.000 0.000 0.000 0.000 0.000 0.000 0.000 0.000 13.45 0.05
56617.623 0.108 0.011 +0.27 0.10 0.000 0.000 0.000 0.000 0.000 0.000 0.000 0.000 0.000 0.000 13.19 0.05
56621.695 0.120 0.013 +0.30 0.10 0.000 0.000 0.000 0.000 0.000 0.000 0.000 0.000 0.000 0.000 13.21 0.05
56625.440 0.083 0.009 +0.23 0.11 0.000 0.000 0.000 0.000 0.000 0.000 0.000 0.000 0.000 0.000 13.25 0.05
56629.708 0.094 0.021 +0.16 0.22 0.000 0.000 0.000 0.000 0.000 0.000 0.000 0.000 0.000 0.000 13.20 0.05
56633.849 -99 0.0 -99 0.0 0.000 0.000 0.000 0.000 0.000 0.000 0.000 0.000 0.000 0.000 13.42 0.15
56639.105 0.105 0.011 -0.07 0.10 0.000 0.000 0.000 0.000 0.000 0.000 0.000 0.000 0.000 0.000 13.22 0.05
56642.047 0.088 0.011 +0.11 0.13 0.000 0.000 0.000 0.000 0.000 0.000 0.000 0.000 0.000 0.000 13.30 0.05 
56645.181 0.086 0.010 +0.07 0.12 0.000 0.000 0.000 0.000 0.000 0.000 0.000 0.000 0.000 0.000 13.27 0.05
56649.045 0.083 0.010 +0.03 0.12 0.000 0.000 0.000 0.000 0.000 0.000 0.000 0.000 0.000 0.000 13.29 0.05 
56653.722 0.058 0.008 +0.14 0.14 0.000 0.000 0.000 0.000 0.000 0.000 0.000 0.000 0.000 0.000 13.32 0.05 
56657.718 0.107 0.011 +0.09 0.10 0.000 0.000 0.000 0.000 0.000 0.000 0.000 0.000 0.000 0.000 13.27 0.05 
56661.933 0.060 0.009 +0.18 0.14 0.000 0.000 0.000 0.000 0.000 0.000 0.000 0.000 0.000 0.000 13.29 0.05
56666.990 0.069 0.010 -0.26 0.13 0.000 0.000 0.000 0.000 0.000 0.000 0.000 0.000 0.000 0.000 13.12 0.05 
56669.406 0.075 0.009 +0.11 0.12 0.000 0.000 0.000 0.000 0.000 0.000 0.000 0.000 0.000 0.000 13.14 0.05
56673.660 0.073 0.009 +0.07 0.12 0.000 0.000 0.000 0.000 0.000 0.000 0.000 0.000 0.000 0.000 13.17 0.05
56677.933 0.117 0.013 +0.11 0.09 0.000 0.000 0.000 0.000 0.000 0.000 0.000 0.000 0.000 0.000 13.14 0.05
56681.337 0.105 0.011 +0.05 0.11 0.000 0.000 0.000 0.000 0.000 0.000 0.000 0.000 0.000 0.000 13.14 0.05
56685.937 0.175 0.013 -0.03 0.07 0.000 0.000 0.000 0.000 0.000 0.000 0.000 0.000 0.000 0.000 13.13 0.05
56689.348 0.191 0.015 -0.13 0.08 0.000 0.000 0.000 0.000 0.000 0.000 0.000 0.000 0.000 0.000 13.15 0.05 
56693.685 0.119 0.013 +0.06 0.11 0.000 0.000 0.000 0.000 0.000 0.000 0.000 0.000 0.000 0.000 13.07 0.05
56697.876 0.071 0.010 -0.11 0.14 0.000 0.000 0.000 0.000 0.000 0.000 0.000 0.000 0.000 0.000 13.07 0.05
56701.960 0.131 0.013 -0.08 0.10 0.000 0.000 0.000 0.000 0.000 0.000 0.000 0.000 0.000 0.000 13.09 0.05 
56793.963 0.076 0.010 -0.02 0.14 0.000 0.000 0.000 0.000 0.000 0.000 0.000 0.000 0.000 0.000 13.26 0.05 
56799.960 0.061 0.009 +0.12 0.14 0.000 0.000 0.000 0.000 0.000 0.000 0.000 0.000 0.000 0.000 13.24 0.05 
56809.646 0.060 0.010 +0.27 0.15 0.000 0.000 0.000 0.000 0.000 0.000 0.000 0.000 0.000 0.000 13.23 0.05 
56813.427 -99 0.00 -99 0.00 0.000 0.000 0.000 0.000 0.000 0.000 0.000 0.000 0.000 0.000 13.24 0.05
56817.298 -99 0.00 -99 0.00 0.000 0.000 0.000 0.000 0.000 0.000 0.000 0.000 0.000 0.000 13.30 0.06
56821.025 0.071 0.010 +0.32 0.13 0.000 0.000 0.000 0.000 0.000 0.000 0.000 0.000 0.000 0.000 13.37 0.06 
56825.213 0.067 0.009 +0.04 0.13 0.000 0.000 0.000 0.000 0.000 0.000 0.000 0.000 0.000 0.000 13.47 0.06
56829.746 0.101 0.010 +0.19 0.10 0.000 0.000 0.000 0.000 0.000 0.000 0.000 0.000 0.000 0.000 13.33 0.06 
56833.674 0.121 0.012 +0.21 0.10 0.000 0.000 0.000 0.000 0.000 0.000 0.000 0.000 0.000 0.000 13.39 0.06 
56837.008 0.158 0.014 -0.02 0.09 0.000 0.000 0.000 0.000 0.000 0.000 0.000 0.000 0.000 0.000 13.34 0.06 
56845.672 0.098 0.010 +0.21 0.10 0.000 0.000 0.000 0.000 0.000 0.000 0.000 0.000 0.000 0.000 13.35 0.05 
56849.218 0.080 0.010 -0.03 0.13 0.000 0.000 0.000 0.000 0.000 0.000 0.000 0.000 0.000 0.000 13.28 0.05
56853.469 0.064 0.009 -0.15 0.14 0.000 0.000 0.000 0.000 0.000 0.000 0.000 0.000 0.000 0.000 13.30 0.05
56857.868 0.176 0.022 +0.01 0.12 0.000 0.000 0.000 0.000 0.000 0.000 0.000 0.000 0.000 0.000 13.28 0.05 
56865.471 0.102 0.011 +0.02 0.11 0.000 0.000 0.000 0.000 0.000 0.000 0.000 0.000 0.000 0.000 13.13 0.05 
56873.133 0.163 0.015 +0.16 0.09 0.000 0.000 0.000 0.000 0.000 0.000 0.000 0.000 0.000 0.000 13.05 0.05
56881.190 0.171 0.014 +0.14 0.08 0.000 0.000 0.000 0.000 0.000 0.000 0.000 0.000 0.000 0.000 13.11 0.05
56889.069 0.153 0.014 -0.05 0.09 0.000 0.000 0.000 0.000 0.000 0.000 0.000 0.000 0.000 0.000 13.05 0.05
56897.852 0.771 0.040 -0.15 0.05 0.000 0.000 0.000 0.000 0.000 0.000 0.000 0.000 0.000 0.000 13.15 0.05
56912.114 1.365 0.062 -0.23 0.05 0.000 0.000 0.000 0.000 0.000 0.000 0.000 0.000 0.000 0.000 12.87 0.05
56913.188 1.473 0.066 -0.20 0.05 0.000 0.000 0.000 0.000 0.000 0.000 0.000 0.000 0.000 0.000 12.87 0.05
56917.377 1.060 0.038 -0.20 0.04 0.000 0.000 0.000 0.000 0.000 0.000 0.000 0.000 0.000 0.000 13.06 0.05
56918.472 1.044 0.029 -0.23 0.03 14.14 0.04 14.35 0.04 13.09 0.05 12.92 0.05 12.83 0.05 12.87 0.05 
56919.612 0.627 0.021 -0.22 0.04 14.16 0.04 14.42 0.04 13.08 0.05 12.95 0.05 12.89 0.06 12.93 0.05 
56920.307 0.738 0.022 -0.25 0.03 14.14 0.04 14.31 0.04 13.08 0.05 12.95 0.05 12.88 0.06 12.95 0.05 
56921.070 0.509 0.017 -0.12 0.05 14.19 0.04 14.32 0.04 13.08 0.05 12.95 0.05 12.86 0.05 12.94 0.04 
56922.911 0.642 0.024 -0.20 0.04 14.19 0.04 14.34 0.04 13.09 0.05 12.98 0.05 12.87 0.05 12.95 0.05
56923.315 0.918 0.033 -0.05 0.06 14.20 0.04 14.36 0.04 13.13 0.05 12.99 0.06 12.93 0.06 13.00 0.05
56925.436 0.952 0.042 -0.17 0.05 0.000 0.000 0.000 0.000 0.000 0.000 0.000 0.000 0.000 0.000 12.97 0.05
56926.301 0.535 0.029 -0.08 0.09 14.18 0.04 14.36 0.05 13.09 0.05 12.97 0.06 12.87 0.06 12.93 0.05
56927.3 -99 0.00 -99 0.00 -99 0.00 14.34 0.05 13.07 0.05 12.96 0.06 -99 0.00 12.93 0.05
56928.700 0.498 0.030 +0.06 0.10 14.23 0.05 14.33 0.05 13.06 0.05 12.93 0.06 -99 0.00 12.95 0.05
56929.765 0.448 0.024 -0.21 0.08 14.13 0.04 14.33 0.05 13.08 0.05 13.03 0.06 12.90 0.06 12.98 0.05
56931.363 0.386 0.024 +0.01 0.11 14.14 0.05 14.32 0.05 13.09 0.05 12.91 0.06 12.85 0.06 12.93 0.05
56935.375 0.208 0.024 -99 0.00 -99 0.00 14.33 0.05 13.14 0.05 13.01 0.06 -99 0.00 13.01 0.05 
56936.758 0.221 0.030 -99 0.00 0.000 0.000 0.000 0.000 0.000 0.000 0.000 0.000 0.000 0.000 13.01 0.05 
56941.691 0.116 0.012 -0.08 0.10 0.000 0.000 0.000 0.000 0.000 0.000 0.000 0.000 0.000 0.000 13.06 0.05 
56945.903 0.076 0.010 +0.04 0.13 0.000 0.000 0.000 0.000 0.000 0.000 0.000 0.000 0.000 0.000 13.20 0.05 
56949.036 0.100 0.021 +0.19 0.22 0.000 0.000 0.000 0.000 0.000 0.000 0.000 0.000 0.000 0.000 13.09 0.05 
56952.553 0.148 0.019 +0.01 0.13 0.000 0.000 0.000 0.000 0.000 0.000 0.000 0.000 0.000 0.000 13.05 0.05
56957.143 0.247 0.026 -0.11 0.10 0.000 0.000 0.000 0.000 0.000 0.000 0.000 0.000 0.000 0.000 12.95 0.05
56966.739 0.073 0.010 -0.13 0.13 0.000 0.000 0.000 0.000 0.000 0.000 0.000 0.000 0.000 0.000 13.02 0.05
56973.612 0.047 0.008 +0.36 0.15 0.000 0.000 0.000 0.000 0.000 0.000 0.000 0.000 0.000 0.000 13.09 0.05
56981.390 0.154 0.013 +0.09 0.09 0.000 0.000 0.000 0.000 0.000 0.000 0.000 0.000 0.000 0.000 13.01 0.05
56989.381 0.103 0.011 +0.07 0.11 0.000 0.000 0.000 0.000 0.000 0.000 0.000 0.000 0.000 0.000 13.15 0.05
56997.107 0.150 0.014 +0.09 0.13 0.000 0.000 0.000 0.000 0.000 0.000 0.000 0.000 0.000 0.000 13.18 0.05
57005.499 0.083 0.010 +0.06 0.12 0.000 0.000 0.000 0.000 0.000 0.000 0.000 0.000 0.000 0.000 13.12 0.05
57013.967 0.109 0.011 -0.16 0.10 0.000 0.000 0.000 0.000 0.000 0.000 0.000 0.000 0.000 0.000 13.00 0.05
57021.350 0.155 0.013 -0.10 0.08 0.000 0.000 0.000 0.000 0.000 0.000 0.000 0.000 0.000 0.000 13.05 0.05
57029.532 0.091 0.011 +0.24 0.12 0.000 0.000 0.000 0.000 0.000 0.000 0.000 0.000 0.000 0.000 13.20 0.05
57037.595 0.065 0.009 +0.27 0.14 0.000 0.000 0.000 0.000 0.000 0.000 0.000 0.000 0.000 0.000 13.21 0.05
57045.119 0.075 0.009 +0.08 0.12 0.000 0.000 0.000 0.000 0.000 0.000 0.000 0.000 0.000 0.000 13.21 0.05
57053.965 0.077 0.011 +0.00 0.14 0.000 0.000 0.000 0.000 0.000 0.000 0.000 0.000 0.000 0.000 13.10 0.05
57061.954 0.145 0.012 -0.12 0.08 0.000 0.000 0.000 0.000 0.000 0.000 0.000 0.000 0.000 0.000 12.97 0.05
57165.626 0.306 0.019 +0.02 0.06 0.000 0.000 0.000 0.000 0.000 0.000 0.000 0.000 0.000 0.000 12.99 0.05 
57173.681 0.387 0.022 -0.03 0.06 0.000 0.000 0.000 0.000 0.000 0.000 0.000 0.000 0.000 0.000 12.96 0.05
57181.321 0.309 0.019 +0.05 0.06 0.000 0.000 0.000 0.000 0.000 0.000 0.000 0.000 0.000 0.000 13.12 0.05 
57192.104 0.115 0.009 -0.13 0.09 0.000 0.000 0.000 0.000 0.000 0.000 0.000 0.000 0.000 0.000 12.98 0.05
57206.213 0.413 0.023 -0.01 0.06 0.000 0.000 0.000 0.000 0.000 0.000 0.000 0.000 0.000 0.000 13.08 0.05
57212.367 0.125 0.013 +0.01 0.11 0.000 0.000 0.000 0.000 0.000 0.000 0.000 0.000 0.000 0.000 13.09 0.05 
57221.045 0.532 0.025 -0.29 0.05 0.000 0.000 0.000 0.000 0.000 0.000 0.000 0.000 0.000 0.000 12.97 0.05
57229.793 0.267 0.018 -0.18 0.11 0.000 0.000 0.000 0.000 0.000 0.000 0.000 0.000 0.000 0.000 13.02 0.05
57257.416 0.682 0.050 -0.09 0.07 0.000 0.000 0.000 0.000 0.000 0.000 0.000 0.000 0.000 0.000 13.10 0.05 
57260.476 0.289 0.020 -0.14 0.07 0.000 0.000 0.000 0.000 0.000 0.000 0.000 0.000 0.000 0.000 13.09 0.05 
57264.075 0.397 0.028 +0.01 0.07 0.000 0.000 0.000 0.000 0.000 0.000 0.000 0.000 0.000 0.000 13.15 0.05 
57273.688 0.350 0.022 +0.07 0.06 0.000 0.000 0.000 0.000 0.000 0.000 0.000 0.000 0.000 0.000 13.12 0.05 
57281.632 0.385 0.030 -0.07 0.08 0.000 0.000 0.000 0.000 0.000 0.000 0.000 0.000 0.000 0.000 12.96 0.05
57289.601 0.211 0.016 +0.05 0.08 0.000 0.000 0.000 0.000 0.000 0.000 0.000 0.000 0.000 0.000 13.03 0.05 
57297.719 0.165 0.019 -99 0.00 0.000 0.000 0.000 0.000 0.000 0.000 0.000 0.000 0.000 0.000 13.07 0.05
57305.361 0.119 0.014 -99 0.00 0.000 0.000 0.000 0.000 0.000 0.000 0.000 0.000 0.000 0.000 13.15 0.05
57313.159 0.220 0.017 -99 0.00 0.000 0.000 0.000 0.000 0.000 0.000 0.000 0.000 0.000 0.000 13.10 0.05 
57322.331 0.111 0.012 -99 0.00 0.000 0.000 0.000 0.000 0.000 0.000 0.000 0.000 0.000 0.000 13.26 0.05 
57329.767 0.046 0.012 +0.15 0.25 0.000 0.000 0.000 0.000 0.000 0.000 0.000 0.000 0.000 0.000 13.25 0.05
57350.377 0.431 0.023 -0.06 0.06 0.000 0.000 0.000 0.000 0.000 0.000 0.000 0.000 0.000 0.000 13.27 0.05 
57358.583 0.371 0.020 +0.07 0.06 0.000 0.000 0.000 0.000 0.000 0.000 0.000 0.000 0.000 0.000 13.41 0.05 
57361.218 0.505 0.024 -0.02 0.05 0.000 0.000 0.000 0.000 0.000 0.000 0.000 0.000 0.000 0.000 13.43 0.05
57365.272 0.243 0.019 -0.05 0.07 0.000 0.000 0.000 0.000 0.000 0.000 0.000 0.000 0.000 0.000 13.42 0.05 
57369.838 0.253 0.018 +0.06 0.06 0.000 0.000 0.000 0.000 0.000 0.000 0.000 0.000 0.000 0.000 13.44 0.05
57373.926 0.158 0.019 -0.30 0.10 0.000 0.000 0.000 0.000 0.000 0.000 0.000 0.000 0.000 0.000 13.40 0.05
57377.839 0.369 0.032 -0.14 0.06 0.000 0.000 0.000 0.000 0.000 0.000 0.000 0.000 0.000 0.000 13.47 0.05 
57381.162 0.259 0.017 +0.08 0.05 0.000 0.000 0.000 0.000 0.000 0.000 0.000 0.000 0.000 0.000 13.58 0.05
57385.428 0.064 0.009 +0.39 0.12 0.000 0.000 0.000 0.000 0.000 0.000 0.000 0.000 0.000 0.000 13.63 0.05
57387.405 0.069 0.013 +0.30 0.12 14.51 0.06 14.80 0.06 13.61 0.06 13.57 0.06 13.55 0.07 13.62 0.06 
57389.131 0.152 0.011 +0.09 0.07 0.000 0.000 0.000 0.000 0.000 0.000 0.000 0.000 0.000 0.000 13.63 0.05
57391.171 0.102 0.010 -0.17 0.07 14.61 0.04 14.85 0.05 13.64 0.05 13.56 0.06 13.58 0.06 13.65 0.05 
57393.820 0.273 0.021 -0.10 0.07 0.000 0.000 0.000 0.000 0.000 0.000 0.000 0.000 0.000 0.000 13.61 0.05
57394.191 0.158 0.011 +0.13 0.07 14.53 0.04 14.81 0.05 13.66 0.05 13.55 0.06 13.55 0.06 13.63 0.05
57397.711 0.152 0.015 +0.08 0.11 0.000 0.000 0.000 0.000 0.000 0.000 0.000 0.000 0.000 0.000 13.68 0.05
57401.432 0.087 0.013 +0.47 0.13 0.000 0.000 0.000 0.000 0.000 0.000 0.000 0.000 0.000 0.000 13.74 0.05 
57409.045 0.062 0.009 +0.05 0.13 0.000 0.000 0.000 0.000 0.000 0.000 0.000 0.000 0.000 0.000 13.71 0.05
57417.431 0.044 0.008 +0.03 0.17 0.000 0.000 0.000 0.000 0.000 0.000 0.000 0.000 0.000 0.000 13.78 0.05 
57425.177 0.041 0.007 +0.10 0.15 0.000 0.000 0.000 0.000 0.000 0.000 0.000 0.000 0.000 0.000 13.76 0.05 
57432.149 0.029 0.007 -0.45 0.30 0.000 0.000 0.000 0.000 0.000 0.000 0.000 0.000 0.000 0.000 13.62 0.05 
57529.435 0.064 0.014 -0.15 0.20 0.000 0.000 0.000 0.000 0.000 0.000 0.000 0.000 0.000 0.000 13.47 0.05 
57533.247 0.236 0.018 -0.03 0.07 0.000 0.000 0.000 0.000 0.000 0.000 0.000 0.000 0.000 0.000 13.37 0.05 
57536.568 0.089 0.011 +0.14 0.12 0.000 0.000 0.000 0.000 0.000 0.000 0.000 0.000 0.000 0.000 13.37 0.05
57541.792 0.386 0.052 -0.10 0.15 0.000 0.000 0.000 0.000 0.000 0.000 0.000 0.000 0.000 0.000 13.31 0.05 
57544.650 0.294 0.020 -0.09 0.06 0.000 0.000 0.000 0.000 0.000 0.000 0.000 0.000 0.000 0.000 13.35 0.05
57546.406 0.132 0.015 +0.26 0.10 0.000 0.000 0.000 0.000 0.000 0.000 0.000 0.000 0.000 0.000 13.42 0.05
57549.068 0.172 0.019 +0.30 0.10 0.000 0.000 0.000 0.000 0.000 0.000 0.000 0.000 0.000 0.000 13.38 0.05 
57553.922 0.102 0.017 +0.15 0.16 0.000 0.000 0.000 0.000 0.000 0.000 0.000 0.000 0.000 0.000 13.46 0.05 
57557.424 0.092 0.013 +0.18 0.12 0.000 0.000 0.000 0.000 0.000 0.000 0.000 0.000 0.000 0.000 13.56 0.05 
57561.761 0.169 0.014 +0.08 0.08 0.000 0.000 0.000 0.000 0.000 0.000 0.000 0.000 0.000 0.000 13.64 0.05 
57565.683 0.087 0.012 +0.30 0.14 0.000 0.000 0.000 0.000 0.000 0.000 0.000 0.000 0.000 0.000 13.54 0.05 
57569.306 0.137 0.013 +0.10 0.09 0.000 0.000 0.000 0.000 0.000 0.000 0.000 0.000 0.000 0.000 13.45 0.05 
57573.794 0.217 0.018 -0.07 0.08 0.000 0.000 0.000 0.000 0.000 0.000 0.000 0.000 0.000 0.000 13.44 0.05 
57577.050 0.242 0.018 -0.06 0.07 0.000 0.000 0.000 0.000 0.000 0.000 0.000 0.000 0.000 0.000 13.44 0.05 
57585.751 0.215 0.018 +0.14 0.08 0.000 0.000 0.000 0.000 0.000 0.000 0.000 0.000 0.000 0.000 13.42 0.05 
57592.859 0.246 0.015 -0.03 0.06 0.000 0.000 0.000 0.000 0.000 0.000 0.000 0.000 0.000 0.000 13.33 0.05
57601.103 0.182 0.016 -0.07 0.09 0.000 0.000 0.000 0.000 0.000 0.000 0.000 0.000 0.000 0.000 13.49 0.05
57609.709 0.185 0.016 -0.08 0.07 0.000 0.000 0.000 0.000 0.000 0.000 0.000 0.000 0.000 0.000 13.53 0.05 
57622.561 0.054 0.009 -0.13 0.12 0.000 0.000 0.000 0.000 0.000 0.000 0.000 0.000 0.000 0.000 13.57 0.05
57625.630 0.030 0.008 +0.39 0.20 0.000 0.000 0.000 0.000 0.000 0.000 0.000 0.000 0.000 0.000 13.56 0.05 
57630.269 0.045 0.009 -0.09 0.16 0.000 0.000 0.000 0.000 0.000 0.000 0.000 0.000 0.000 0.000 13.52 0.05 
57637.985 0.047 0.008 -0.21 0.15 0.000 0.000 0.000 0.000 0.000 0.000 0.000 0.000 0.000 0.000 13.55 0.05 
57640.703 0.033 0.008 +0.50 0.17 0.000 0.000 0.000 0.000 0.000 0.000 0.000 0.000 0.000 0.000 13.52 0.05 
57649.614 0.084 0.010 +0.47 0.10 0.000 0.000 0.000 0.000 0.000 0.000 0.000 0.000 0.000 0.000 13.35 0.05 
57657.307 0.097 0.012 +0.41 0.10 0.000 0.000 0.000 0.000 0.000 0.000 0.000 0.000 0.000 0.000 13.62 0.05
57665.556 0.499 0.056 +0.02 0.11 0.000 0.000 0.000 0.000 0.000 0.000 0.000 0.000 0.000 0.000 13.17 0.05 
57668.883 0.073 0.016 +0.17 0.18 0.000 0.000 0.000 0.000 0.000 0.000 0.000 0.000 0.000 0.000 13.26 0.05
57673.007 0.053 0.009 +0.16 0.15 0.000 0.000 0.000 0.000 0.000 0.000 0.000 0.000 0.000 0.000 13.33 0.05
57681.112 0.219 0.016 +0.11 0.07 0.000 0.000 0.000 0.000 0.000 0.000 0.000 0.000 0.000 0.000 13.25 0.05
57689.537 0.233 0.016 -0.19 0.07 0.000 0.000 0.000 0.000 0.000 0.000 0.000 0.000 0.000 0.000 13.15 0.05
57697.506 0.336 0.022 -0.19 0.06 0.000 0.000 0.000 0.000 0.000 0.000 0.000 0.000 0.000 0.000 13.15 0.05
57705.683 0.168 0.014 +0.09 0.08 0.000 0.000 0.000 0.000 0.000 0.000 0.000 0.000 0.000 0.000 13.24 0.05
57713.469 0.068 0.009 +0.25 0.14 0.000 0.000 0.000 0.000 0.000 0.000 0.000 0.000 0.000 0.000 13.31 0.05 
57724.624 0.084 0.011 -0.06 0.11 0.000 0.000 0.000 0.000 0.000 0.000 0.000 0.000 0.000 0.000 13.26 0.05 
57729.884 0.182 0.015 -0.06 0.08 0.000 0.000 0.000 0.000 0.000 0.000 0.000 0.000 0.000 0.000 13.19 0.05 
57737.848 0.125 0.015 -0.00 0.12 0.000 0.000 0.000 0.000 0.000 0.000 0.000 0.000 0.000 0.000 13.14 0.05 
57742.235 0.166 0.037 -99 0.00 0.000 0.000 0.000 0.000 0.000 0.000 0.000 0.000 0.000 0.000 13.14 0.05
57745.415 0.385 0.021 -0.14 0.05 0.000 0.000 0.000 0.000 0.000 0.000 0.000 0.000 0.000 0.000 13.18 0.05
57753.653 0.067 0.009 +0.01 0.13 0.000 0.000 0.000 0.000 0.000 0.000 0.000 0.000 0.000 0.000 13.15 0.05 
57761.360 0.046 0.010 +0.42 0.19 0.000 0.000 0.000 0.000 0.000 0.000 0.000 0.000 0.000 0.000 13.13 0.05 
57769.612 0.061 0.009 +0.25 0.15 0.000 0.000 0.000 0.000 0.000 0.000 0.000 0.000 0.000 0.000 13.04 0.05
57777.971 0.113 0.018 +0.19 0.14 0.000 0.000 0.000 0.000 0.000 0.000 0.000 0.000 0.000 0.000 13.07 0.05
57784.017 0.132 0.016 -99 0.00 0.000 0.000 0.000 0.000 0.000 0.000 0.000 0.000 0.000 0.000 13.07 0.05
57786.810 0.669 0.038 -0.24 0.04 0.000 0.000 0.000 0.000 0.000 0.000 0.000 0.000 0.000 0.000 13.05 0.05
57893.320 0.101 0.013 +0.14 0.11 0.000 0.000 0.000 0.000 0.000 0.000 0.000 0.000 0.000 0.000 13.25 0.05
57899.379 0.546 0.029 -0.09 0.05 0.000 0.000 0.000 0.000 0.000 0.000 0.000 0.000 0.000 0.000 13.20 0.05
57901.151 0.159 0.014 -0.04 0.08 0.000 0.000 0.000 0.000 0.000 0.000 0.000 0.000 0.000 0.000 13.27 0.05 
57906.633 0.147 0.014 +0.00 0.22 0.000 0.000 0.000 0.000 0.000 0.000 0.000 0.000 0.000 0.000 13.21 0.05
57909.458 0.257 0.059 +0.12 0.09 0.000 0.000 0.000 0.000 0.000 0.000 0.000 0.000 0.000 0.000 13.22 0.05
57912.967 0.189 0.015 -0.04 0.08 0.000 0.000 0.000 0.000 0.000 0.000 0.000 0.000 0.000 0.000 13.19 0.05
57913.767 0.191 0.016 +0.12 0.08 0.000 0.000 0.000 0.000 0.000 0.000 0.000 0.000 0.000 0.000 13.21 0.05
57920.056 0.153 0.018 +0.01 0.11 0.000 0.000 0.000 0.000 0.000 0.000 0.000 0.000 0.000 0.000 13.27 0.05 
57920.779 0.155 0.014 +0.10 0.09 0.000 0.000 0.000 0.000 0.000 0.000 0.000 0.000 0.000 0.000 13.28 0.05 
57925.501 0.321 0.020 -0.12 0.06 0.000 0.000 0.000 0.000 0.000 0.000 0.000 0.000 0.000 0.000 13.26 0.05 
57927.716 0.273 0.019 -0.09 0.07 0.000 0.000 0.000 0.000 0.000 0.000 0.000 0.000 0.000 0.000 13.24 0.05
57933.083 0.327 0.021 -0.21 0.06 0.000 0.000 0.000 0.000 0.000 0.000 0.000 0.000 0.000 0.000 13.19 0.05 
57934.043 0.864 0.041 -0.19 0.03 0.000 0.000 0.000 0.000 0.000 0.000 0.000 0.000 0.000 0.000 13.15 0.05 
57941.472 0.215 0.019 -0.00 0.09 0.000 0.000 0.000 0.000 0.000 0.000 0.000 0.000 0.000 0.000 13.30 0.05 
57950.371 0.354 0.021 -0.18 0.06 0.000 0.000 0.000 0.000 0.000 0.000 0.000 0.000 0.000 0.000 13.43 0.05 
57957.822 0.433 0.023 -0.03 0.05 0.000 0.000 0.000 0.000 0.000 0.000 0.000 0.000 0.000 0.000 13.41 0.05 
57965.719 0.083 0.010 +0.18 0.12 0.000 0.000 0.000 0.000 0.000 0.000 0.000 0.000 0.000 0.000 13.56 0.05
57989.149 0.126 0.011 +0.14 0.08 0.000 0.000 0.000 0.000 0.000 0.000 0.000 0.000 0.000 0.000 13.52 0.05
57998.339 0.078 0.010 +0.18 0.12 0.000 0.000 0.000 0.000 0.000 0.000 0.000 0.000 0.000 0.000 -99.0 0.00
58005.055 0.128 0.013 +0.24 0.10 0.000 0.000 0.000 0.000 0.000 0.000 0.000 0.000 0.000 0.000 13.68 0.05
58013.942 0.056 0.009 -0.19 0.17 0.000 0.000 0.000 0.000 0.000 0.000 0.000 0.000 0.000 0.000 13.55 0.05 
58022.919 0.420 0.025 -0.01 0.06 0.000 0.000 0.000 0.000 0.000 0.000 0.000 0.000 0.000 0.000 13.38 0.05 
58029.967 0.081 0.012 -0.30 0.15 0.000 0.000 0.000 0.000 0.000 0.000 0.000 0.000 0.000 0.000 13.44 0.05 
58037.538 0.320 0.028 -0.17 0.08 0.000 0.000 0.000 0.000 0.000 0.000 0.000 0.000 0.000 0.000 13.45 0.05 
58046.402 0.230 0.015 -0.04 0.06 0.000 0.000 0.000 0.000 0.000 0.000 0.000 0.000 0.000 0.000 13.42 0.05 
58053.468 -99 0.00 -99 0.00 0.000 0.000 0.000 0.000 0.000 0.000 0.000 0.000 0.000 0.000 13.41 0.05
58059.980 0.085 0.013 -0.13 0.14 0.000 0.000 0.000 0.000 0.000 0.000 0.000 0.000 0.000 0.000 13.43 0.05
58060.720 0.092 0.012 +0.00 0.12 0.000 0.000 0.000 0.000 0.000 0.000 0.000 0.000 0.000 0.000 13.41 0.05
58086.916 0.120 0.012 +0.14 0.09 0.000 0.000 0.000 0.000 0.000 0.000 0.000 0.000 0.000 0.000 13.36 0.05 
58093.153 0.074 0.010 +0.01 0.11 0.000 0.000 0.000 0.000 0.000 0.000 0.000 0.000 0.000 0.000 13.36 0.05 
58100.042 0.101 0.011 -0.01 0.12 0.000 0.000 0.000 0.000 0.000 0.000 0.000 0.000 0.000 0.000 13.43 0.05 
58107.608 0.062 0.009 +0.47 0.12 0.000 0.000 0.000 0.000 0.000 0.000 0.000 0.000 0.000 0.000 13.46 0.05 
58114.242 0.056 0.008 +0.05 0.15 0.000 0.000 0.000 0.000 0.000 0.000 0.000 0.000 0.000 0.000 13.57 0.05 
58125.037 0.061 0.009 -0.03 0.14 0.000 0.000 0.000 0.000 0.000 0.000 0.000 0.000 0.000 0.000 13.46 0.05 
58129.988 0.121 0.016 -0.18 0.15 0.000 0.000 0.000 0.000 0.000 0.000 0.000 0.000 0.000 0.000 13.40 0.05 
58133.373 0.085 0.010 +0.16 0.10 0.000 0.000 0.000 0.000 0.000 0.000 0.000 0.000 0.000 0.000 13.44 0.05
58137.705 0.126 0.012 +0.08 0.09 0.000 0.000 0.000 0.000 0.000 0.000 0.000 0.000 0.000 0.000 13.42 0.05 
58142.940 0.133 0.018 -0.11 0.13 0.000 0.000 0.000 0.000 0.000 0.000 0.000 0.000 0.000 0.000 13.46 0.05 
58145.206 0.101 0.011 +0.06 0.11 0.000 0.000 0.000 0.000 0.000 0.000 0.000 0.000 0.000 0.000 13.49 0.05 
58149.923 0.089 0.010 -99 0.00 0.000 0.000 0.000 0.000 0.000 0.000 0.000 0.000 0.000 0.000 13.51 0.05 
58153.964 0.036 0.010 -0.14 0.28 0.000 0.000 0.000 0.000 0.000 0.000 0.000 0.000 0.000 0.000 13.62 0.05
58157.023 0.046 0.008 -0.02 0.16 0.000 0.000 0.000 0.000 0.000 0.000 0.000 0.000 0.000 0.000 13.62 0.03 
58163.203 0.055 0.008 -0.04 0.12 0.000 0.000 0.000 0.000 0.000 0.000 0.000 0.000 0.000 0.000 13.51 0.03
58267.401 0.044 0.008 -0.10 0.12 0.000 0.000 0.000 0.000 0.000 0.000 0.000 0.000 0.000 0.000 13.65 0.04
58269.007 0.049 0.008 -0.18 0.14 0.000 0.000 0.000 0.000 0.000 0.000 0.000 0.000 0.000 0.000 13.67 0.04
58280.691 0.052 0.009 -0.27 0.18 0.000 0.000 0.000 0.000 0.000 0.000 0.000 0.000 0.000 0.000 13.65 0.04   
58293.588 0.056 0.011 -0.18 0.20 0.000 0.000 0.000 0.000 0.000 0.000 0.000 0.000 0.000 0.000 13.80 0.04   
58301.417 0.052 0.009 -0.39 0.16 0.000 0.000 0.000 0.000 0.000 0.000 0.000 0.000 0.000 0.000 13.86 0.04  
58307.761 0.054 0.008 -0.28 0.14 14.62 0.04 14.91 0.04 13.74 0.04 13.68 0.04 13.73 0.04 13.83 0.04
58309.244 0.063 0.008 -0.07 0.15 14.56 0.04 14.89 0.04 13.77 0.04 13.67 0.04 13.67 0.04 13.81 0.04
58310.038 0.043 0.008 -0.13 0.18 14.58 0.04 14.88 0.04 13.72 0.04 13.71 0.04 13.65 0.04 13.82 0.04
58311.107 0.051 0.008 -0.21 0.16 14.55 0.04 14.88 0.04 13.72 0.04 13.68 0.04 13.71 0.04 13.81 0.04
58312.498 0.061 0.009 -0.25 0.15 14.54 0.04 14.90 0.04 13.75 0.04 13.70 0.04 13.69 0.04 13.82 0.04
58313.230 0.031 0.007 +0.20 0.20 14.62 0.04 14.90 0.04 13.69 0.04 13.65 0.04 13.71 0.04 13.80 0.04
58315.419 0.047 0.008 -0.19 0.16 14.66 0.04 14.93 0.04 13.78 0.04 13.66 0.04 13.65 0.04 13.80 0.04 
58316.084 0.037 0.007 -0.21 0.20 14.58 0.04 14.88 0.04 13.69 0.04 13.66 0.04 13.63 0.04 13.78 0.04 
58317.212 0.046 0.008 -0.30 0.17 14.55 0.04 14.89 0.04 13.69 0.04 13.62 0.04 13.68 0.04 13.78 0.04
58318.582 0.045 0.007 -0.46 0.13 14.57 0.04 14.87 0.04 13.65 0.04 13.59 0.04 13.67 0.04 13.80 0.04 
58319.536 0.039 0.007 -0.30 0.16 -99 0.00 -99 0.00 -99 0.00 -99 0.00 -99 0.00 -99 0.00
58320.267 0.046 0.008 -0.51 0.16 14.61 0.04 14.90 0.04 13.74 0.04 13.69 0.04 13.66 0.04 13.78 0.04
58321.064 0.049 0.008 -0.00 0.15 14.60 0.04 14.88 0.04 13.70 0.04 13.62 0.04 13.62 0.04 13.74 0.04 
58322.993 0.032 0.010 -0.41 0.22 14.53 0.04 14.90 0.04 13.69 0.04 13.62 0.04 13.55 0.04 13.71 0.04 
58323.058 0.045 0.007 -0.35 0.16 14.60 0.04 14.89 0.04 13.73 0.04 13.60 0.04 13.64 0.04 13.71 0.04
58324.118 0.043 0.007 -0.11 0.17 14.61 0.04 14.83 0.04 13.69 0.04 13.64 0.04 13.59 0.04 13.73 0.04
58325.182 0.040 0.007 -0.06 0.17 14.65 0.04 14.88 0.04 13.72 0.04 13.69 0.04 13.75 0.04 13.91 0.04
58326.244 0.038 0.007 -0.42 0.17 14.60 0.04 14.81 0.04 13.66 0.04 13.55 0.04 13.57 0.04 13.69 0.04
58327.239 0.068 0.009 -0.11 0.15 14.56 0.04 14.85 0.04 13.66 0.04 13.60 0.04 13.62 0.04 13.72 0.04
58328.107 -99 0.0 -99 0.00 -99 0.00 14.86 0.04 13.68 0.04 13.59 0.04 -99 0.00 -99 0.00
58333.828 0.040 0.007 -0.28 0.20 -99 0.00 -99 0.00 -99 0.00 -99 0.00 -99 0.00 13.71 0.04
58340.533 0.056 0.009 -0.10 0.15 14.54 0.04 14.87 0.04 13.65 0.04 13.61 0.04 13.61 0.04 13.75 0.04
58348.429 0.053 0.008 +0.23 0.16 14.50 0.04 14.84 0.04 13.62 0.04 13.57 0.04 13.58 0.04 13.69 0.04
58354.739 0.043 0.009 -0.36 0.15 14.59 0.05 14.89 0.04 13.75 0.04 13.71 0.04 13.73 0.04 13.89 0.04 
58361.652 0.036 0.007 -0.26 0.21 14.58 0.05 14.91 0.04 13.79 0.04 13.67 0.05 13.75 0.05 13.84 0.04
58369.000 0.040 0.007 -0.26 0.14 14.61 0.05 14.91 0.04 13.76 0.04 13.72 0.04 13.65 0.04 13.81 0.04
58375.607 0.068 0.013 +0.07 0.18 14.64 0.05 14.95 0.04 13.80 0.04 13.69 0.04 13.77 0.04 13.88 0.04
58382.974 0.039 0.007 -0.33 0.16 14.70 0.04 14.96 0.04 13.83 0.04 13.77 0.04 13.78 0.04 13.96 0.04
58389.521 0.033 0.007 -0.37 0.19 14.68 0.04 14.94 0.04 13.85 0.04 13.78 0.04 13.82 0.04 13.94 0.04
58396.717 0.041 0.007 -0.10 0.18 14.60 0.04 15.00 0.04 13.87 0.04 13.80 0.04 13.73 0.04 13.96 0.04
58410.660 0.033 0.007 -0.32 0.16 14.54 0.04 14.94 0.04 13.74 0.04 13.71 0.04 13.71 0.04 13.81 0.04
58417.973 0.039 0.007 -0.21 0.17 14.57 0.04 14.86 0.04 13.67 0.04 13.61 0.04 13.65 0.04 13.74 0.04
58424.681 0.044 0.007 -0.23 0.17 14.50 0.04 14.82 0.04 13.61 0.04 13.54 0.04 13.59 0.04 13.69 0.04
58431.389 0.069 0.013 +0.21 0.18 14.53 0.05 14.80 0.04 13.69 0.04 13.65 0.04 13.66 0.04 13.76 0.04
58438.415 0.033 0.007 -0.18 0.16 14.57 0.04 14.86 0.04 13.71 0.04 13.64 0.04 13.69 0.04 13.81 0.04 
58445.461 0.041 0.007 -0.26 0.14 14.61 0.04 14.87 0.04 13.70 0.04 13.63 0.04 13.65 0.04 13.80 0.04 
58452.425 0.050 0.011 +0.17 0.20 14.57 0.04 14.96 0.04 13.71 0.04 13.63 0.04 13.68 0.04 13.79 0.04
58463.284 0.045 0.007 -0.28 0.12 14.59 0.04 14.92 0.04 13.72 0.04 13.70 0.04 13.69 0.04 13.80 0.04
58466.647 0.025 0.005 -0.13 0.20 14.64 0.04 14.95 0.04 13.78 0.04 13.72 0.04 13.74 0.04 13.88 0.04
58473.216 0.050 0.008 -0.13 0.13 14.58 0.04 14.90 0.04 13.70 0.04 13.64 0.04 13.59 0.04 13.71 0.04
58480.447 0.052 0.011 -0.34 0.15 14.56 0.05 14.92 0.04 13.68 0.04 13.65 0.04 -99 0.00 13.79 0.04
58487.357 0.032 0.011 +0.08 0.30 14.52 0.05 14.90 0.04 13.70 0.04 13.68 0.05 13.60 0.06 13.79 0.04
58489.285 0.038 0.010 -0.10 0.20 14.57 0.04 14.93 0.04 13.75 0.04 13.63 0.04 13.64 0.04 13.77 0.04
58490.424 0.031 0.006 -0.37 0.18 14.59 0.04 14.87 0.04 13.74 0.04 13.61 0.04 13.64 0.04 13.76 0.04
58491.148 0.026 0.010 -0.45 0.21 14.58 0.04 14.85 0.04 13.71 0.04 13.65 0.04 13.61 0.04 13.75 0.04
58492.216 0.029 0.010 -99 0.00 -99 0.0 14.85 0.04 13.74 0.04 13.59 0.04 -99 0.00 13.66 0.04
58493.356 0.033 0.006 -0.11 0.19 14.58 0.04 14.84 0.04 13.68 0.04 13.62 0.04 13.59 0.04 13.73 0.04
58494.471 0.033 0.006 +0.06 0.18 14.59 0.04 14.90 0.04 13.74 0.04 13.61 0.04 13.64 0.04 13.75 0.04
58495.135 0.026 0.006 -0.18 0.22 14.57 0.04 14.84 0.04 13.66 0.04 13.60 0.04 13.60 0.04 13.73 0.04
58496.4015 0.038 0.006 -0.23 0.18 14.57 0.04 14.87 0.04 13.70 0.04 13.62 0.04 13.63 0.04 13.72 0.04
58502.0418 0.044 0.008 +0.23 0.16 14.60 0.04 14.84 0.04 13.61 0.04 13.53 0.04 13.54 0.04 13.68 0.04
58508.1479 0.045 0.008 -0.08 0.18 14.56 0.04 14.84 0.04 13.64 0.04 13.57 0.04 13.57 0.04 13.68 0.04
58516.4471 0.044 0.007 -0.20 0.15 14.47 0.04 14.81 0.04 13.62 0.04 13.53 0.04 13.49 0.04 13.60 0.04
58522.8199 0.054 0.008 +0.16 0.15 14.43 0.04 14.80 0.04 13.55 0.04 13.48 0.04 13.48 0.04 13.46 0.04
58528.0071 0.040 0.008 -0.28 0.20 14.54 0.04 14.84 0.04 13.60 0.04 13.51 0.04 13.48 0.04 13.58 0.04
58619.5173 0.043 0.007 +0.03 0.15 14.46 0.04 14.76 0.04 13.53 0.04 13.44 0.04 13.38 0.04 13.49 0.04
58626.2199 0.044 0.007 -0.05 0.16 14.39 0.04 14.73 0.04 13.51 0.04 13.42 0.04 13.37 0.04 13.48 0.04
